												
												
0	
0	28	20	95	"Spider_Slot"	"Spider_Artifact"	6084						
end												
												
1												
0	1	1	20	96	189980							
0	2	2	20	97	182000							
0	3	3	20	98	147000							
0	4	4	20	99	147000							
0	5	5	20	100	16800							
0	6	6	20	101	16800							
0	7	6	20	102	420	
end												
2												
0	1	1	0	0	300000							
0	1	2	0	0	300000							
0	1	3	0	0	200000							
0	1	4	0	0	200000	
0	2	5	0	0	200000							
0	2	6	0	0	200000							
0	2	7	0	0	200000							
0	2	8	0	0	200000							
0	2	9	0	0	200000	
0	3	10	0	0	200000							
0	3	11	0	0	200000							
0	3	12	0	0	300000							
0	3	13	0	0	300000	
0	4	14	0	0	399970							
0	4	15	0	0	400000							
0	4	16	0	0	30							
0	4	17	0	0	200000	
0	5	18	0	0	200000							
0	5	19	0	0	200000							
0	5	20	0	0	300000							
0	5	21	0	0	300000	
0	6	22	0	0	200000							
0	6	23	0	0	100000							
0	6	24	0	0	200000							
0	6	25	0	0	200000							
0	6	26	0	0	100000							
0	6	27	0	0	200000	
0	7	29	0	0	300000							
0	7	31	0	0	200000							
0	7	32	0	0	300000							
0	7	34	0	0	200000	
end												
3		
0	1000000	20	94	1	-1	-1	-1	-1	-1	-1	1000000	
1	1000000	20	94	3	-1	-1	-1	-1	-1	-1	1500000	
2	950000	20	94	5	-1	-1	-1	-1	-1	-1	2000000	
3	950000	20	94	7	-1	-1	-1	-1	-1	-1	2500000	
4	950000	20	94	9	-1	-1	-1	-1	-1	-1	3000000	
5	900000	20	94	11	-1	-1	-1	-1	-1	-1	3500000	
6	900000	20	94	13	-1	-1	-1	-1	-1	-1	4000000	
7	900000	20	94	15	-1	-1	-1	-1	-1	-1	4500000	
8	850000	20	94	17	-1	-1	-1	-1	-1	-1	5000000	
9	850000	20	94	19	-1	-1	-1	-1	-1	-1	5500000	
10	800000	20	94	21	-1	-1	-1	-1	-1	-1	6000000	
11	800000	20	94	23	-1	-1	-1	-1	-1	-1	6500000	
12	750000	20	94	25	-1	-1	-1	-1	-1	-1	7000000	
13	750000	20	94	27	-1	-1	-1	-1	-1	-1	7500000	
14	600000	20	94	29	-1	-1	-1	-1	-1	-1	8000000	
end												
4			
1	0	900000	20	94	20	-1	-1	-1	-1	-1	-1	10000000
2	0	850000	20	94	25	-1	-1	-1	-1	-1	-1	10000000
3	0	800000	20	94	30	-1	-1	-1	-1	-1	-1	10000000
4	0	750000	20	94	35	-1	-1	-1	-1	-1	-1	10000000
5	0	700000	20	94	40	-1	-1	-1	-1	-1	-1	10000000
6	0	650000	20	94	45	-1	-1	-1	-1	-1	-1	10000000
7	0	600000	20	94	50	-1	-1	-1	-1	-1	-1	10000000
8	0	400000	20	94	55	-1	-1	-1	-1	-1	-1	10000000
end												
												
												
												
												
												
												
												
												
												
												
												
