										
0										
1550	944	
end		
										
1	
0	50	399	50	399	
1	400	799	400	799	
2	800	899	800	899	
3	900	1099	900	1099	
4	1100	1299	1100	1299	
5	1300	1499	1300	1499	
6	1500	1700	1500	1700	
end										
2	
0	50	399	
1	400	799	
2	800	899	
3	900	1099	
4	1100	1299	
5	1300	1499	
6	1500	1700	
7	-1	-1	
end										
3	
0	50	399	58	
1	400	799	59	
2	800	899	60	
3	900	1099	61	
4	1100	1299	111	
5	1300	1499	112	
6	1500	1700	270	
end										
4	
0	50	399	50	399	
1	400	799	400	799	
2	800	899	800	899	
3	900	1099	900	1099	
4	1100	1299	1100	1299	
5	1300	1499	1300	1499	
6	1500	1700	1500	1700	
end										
5	
0	180	
1	400	
2	800	
3	1300	
4	1500	
end										
