1	"Reach Lv. 5 and meet Shadow Phantom Soldier"	0	0																								
0	1	2	1	1	5	5	1650	0	-1	-1	-1	-1	0	0	0	0	0	0	0	0	0	0	0	0	0	0	0	0
1	5	-1	-1	-1	-1	-1	17	0	167	129	50	50	0	-1	-1	-1	-1	-1	-1	-1	-1	-1	-1	-1	-1			
2	"Welcome to the world of MU"	0	0																								
0	1	2	1	2	257	5	1650	0	-1	-1	-1	-1	0	1	1	1	1	1	1	1	1	1	1	1	1	1	1	1
1	6	-1	-1	-1	-1	-1	17	0	167	129	50	50	0	-1	-1	-1	-1	-1	-1	-1	-1	-1	-1	-1	-1			
3	"Tutorial - Press C"	0	0																								
0	1	2	1	2	257	5	1650	0	-1	-1	-1	-1	0	1	1	1	1	1	1	1	1	1	1	1	1	1	1	1
1	6	-1	-1	-1	-1	-1	17	0	167	129	50	500	0	-1	-1	-1	-1	-1	-1	-1	-1	-1	-1	-1	-1			
4	"Tutorial - Press I"	0	0																								
0	1	2	1	2	257	5	1650	0	-1	-1	-1	-1	0	1	1	1	1	1	1	1	1	1	1	1	1	1	1	1
1	6	-1	-1	-1	-1	-1	17	0	167	129	50	500	0	-1	-1	-1	-1	-1	-1	-1	-1	-1	-1	-1	-1			
5	"Bring Apples"	0	0																								
0	1	2	1	2	257	5	1650	0	-1	-1	-1	-1	0	1	1	1	1	1	1	1	1	1	1	1	1	1	1	1
1	1	14	0	5	-1	0	17	0	167	129	100	1000	0	-1	-1	-1	-1	-1	-1	-1	-1	-1	-1	-1	-1			
6	"Hunt Noria Chain Scorpion"	0	0																								
0	1	2	1	2	257	5	1650	0	-1	-1	-1	-1	0	0	0	1	0	0	0	0	0	1	0	0	0	0	0	0
1	2	27	-1	3	-1	-1	27	3	136	79	250	1000	0	-1	-1	-1	-1	-1	-1	-1	-1	-1	-1	-1	-1			
7	"Hunt Lorencia Budge Dragon"	0	0																								
0	1	2	1	2	257	5	1650	0	-1	-1	-1	-1	0	1	1	0	1	1	0	1	1	0	1	0	1	1	1	0
1	2	2	-1	3	-1	-1	17	0	204	134	250	1000	0	-1	-1	-1	-1	-1	-1	-1	-1	-1	-1	-1	-1			
8	"Hunt Elbeland Strange Rabbit"	0	0																								
0	1	2	1	2	257	5	1650	0	-1	-1	-1	-1	0	0	0	0	0	0	1	0	0	0	0	1	0	0	0	1
1	2	418	-1	3	-1	-1	267	51	126	192	250	1000	0	-1	-1	-1	-1	-1	-1	-1	-1	-1	-1	-1	-1			
9	"Hunt Beetle Monster"	0	0																								
0	1	2	1	2	257	5	1650	0	-1	-1	-1	-1	0	0	0	1	0	0	0	0	0	1	0	0	0	0	0	0
1	2	28	-1	30	-1	-1	27	3	102	83	5000	3000	0	-1	-1	-1	-1	-1	-1	-1	-1	-1	-1	-1	-1			
10	"Hunt Lorencia Hound"	0	0																								
0	1	2	1	2	257	5	1650	0	-1	-1	-1	-1	0	1	1	0	1	1	0	1	1	0	1	0	1	1	1	0
1	2	1	-1	30	-1	-1	17	0	63	195	5000	3000	0	-1	-1	-1	-1	-1	-1	-1	-1	-1	-1	-1	-1			
11	"Hunt Elbeland Polluted Butterfly"	0	0																								
0	1	2	1	2	257	5	1650	0	-1	-1	-1	-1	0	0	0	0	0	0	1	0	0	0	0	1	0	0	0	1
1	2	421	-1	30	-1	-1	267	51	132	212	5000	3000	0	-1	-1	-1	-1	-1	-1	-1	-1	-1	-1	-1	-1			
12	"Tutorial - Learn Skill [Elf]"	0	0																								
0	1	2	1	2	257	5	1650	0	-1	-1	-1	-1	0	0	0	1	0	0	0	0	0	0	0	0	0	0	0	0
1	6	-1	-1	-1	-1	-1	17	0	167	129	300	0	0	4	8	3	12	11	1	-1	-1	-1	-1	-1	-1			
13	"Tutorial - Learn Skill [Dark Knight]"	0	0																								
0	1	2	1	2	257	5	1650	0	-1	-1	-1	-1	0	0	1	0	0	0	0	0	0	0	0	0	0	0	0	0
1	6	-1	-1	-1	-1	-1	17	0	167	129	300	0	0	1	2	3	-1	-1	-1	-1	-1	-1	-1	-1	-1			
14	"Tutorial - Learn Skill [Dark Wizard]"	0	0																								
0	1	2	1	2	257	5	1650	0	-1	-1	-1	-1	0	1	0	0	0	0	0	0	0	0	0	0	0	0	0	0
1	6	-1	-1	-1	-1	-1	17	0	167	129	300	0	0	15	3	1	-1	-1	-1	-1	-1	-1	-1	-1	-1			
15	"Tutorial - Learn Skill [Summoner]"	0	0																								
0	1	2	1	2	257	5	1650	0	-1	-1	-1	-1	0	0	0	0	0	0	1	0	0	0	0	0	0	0	0	0
1	6	-1	-1	-1	-1	-1	17	0	167	129	300	0	0	15	3	1	-1	-1	-1	-1	-1	-1	-1	-1	-1			
16	"Reach Lv. 25 and meet Shadow Phantom Soldier"	0	0																								
0	1	2	1	2	257	5	1650	0	-1	-1	-1	-1	0	1	1	1	1	1	1	1	1	1	1	1	1	1	1	1
1	3	25	-1	-1	-1	-1	17	0	167	129	50	50	0	13	2	1	-1	-1	-1	-1	-1	-1	-1	-1	-1			
17	"Tutorial - Learn Skill [All]"	0	0																								
0	1	2	1	2	257	25	1650	0	-1	-1	-1	-1	0	1	1	1	1	1	1	1	1	1	1	1	1	1	1	1
1	6	-1	-1	-1	-1	-1	17	0	167	129	3000	40000	0	13	0	1	13	20	1	13	20	2	-1	-1	-1			
18	"Request from Lorencia Shadow Phantom Sholdier"	0	0																								
0	2	2	1	1	50	50	1650	0	-1	-1	-1	-1	0	1	1	1	1	1	1	1	1	1	1	1	1	1	1	1
1	5	-1	-1	-1	-1	-1	17	0	167	129	85	100	0	-1	-1	-1	-1	-1	-1	-1	-1	-1	-1	-1	-1			
19	"Listen to the Chaos Castle Description(Lv. 50~399)"	0	0																								
0	2	2	1	2	257	50	399	0	-1	-1	-1	-1	0	1	1	1	1	1	1	1	1	1	1	1	1	1	1	1
1	6	-1	-1	-1	-1	-1	17	0	167	129	85	100	0	13	29	1	-1	-1	-1	-1	-1	-1	-1	-1	-1			
20	"Get the supplies for Chaos Castle"	0	0																								
0	2	2	1	2	257	50	399	0	-1	-1	-1	-1	0	1	1	1	1	1	1	1	1	1	1	1	1	1	1	1
1	2	12	-1	40	-1	-1	2	1	84	190	0	0	0	14	2	10	14	5	10	14	35	1	-1	-1	-1			
21	"Defeat 1 monster in Chaos Castle!"	0	0																								
0	2	2	1	2	257	50	399	0	-1	-1	-1	-1	0	1	1	1	1	1	1	1	1	1	1	1	1	1	1	1
1	16	-1	-1	1	-1	-1	17	0	167	129	0	100000	0	-1	-1	-1	-1	-1	-1	-1	-1	-1	-1	-1	-1			
22	"Clear Chaos Castle 1 time!"	0	0																								
0	2	2	1	2	257	50	399	0	-1	-1	-1	-1	0	1	1	1	1	1	1	1	1	1	1	1	1	1	1	1
1	10	-1	-1	1	-1	-1	17	0	167	129	100000	200000	0	-1	-1	-1	-1	-1	-1	-1	-1	-1	-1	-1	-1			
23	"Listen to the Chaos Castle Description (Lv. 400~599)"	0	0																								
0	2	2	1	2	257	400	799	0	-1	-1	-1	-1	0	1	1	1	1	1	1	1	1	1	1	1	1	1	1	1
1	6	-1	-1	-1	-1	-1	17	0	167	129	85	100	0	13	29	1	-1	-1	-1	-1	-1	-1	-1	-1	-1			
24	"Get the supplies for Chaos Castle"	0	0																								
0	2	2	1	2	257	400	799	0	-1	-1	-1	-1	0	1	1	1	1	1	1	1	1	1	1	1	1	1	1	1
1	2	13	-1	60	-1	-1	6	1	116	75	0	0	0	14	3	5	14	6	5	14	35	2	-1	-1	-1			
25	"Defeat 3 monsters in Chaos Castle!"	0	0																								
0	2	2	1	2	257	400	799	0	-1	-1	-1	-1	0	1	1	1	1	1	1	1	1	1	1	1	1	1	1	1
1	16	-1	-1	3	-1	-1	17	0	167	129	0	200000	0	-1	-1	-1	-1	-1	-1	-1	-1	-1	-1	-1	-1			
26	"Clear Chaos Castle!"	0	0																								
0	2	2	1	2	257	400	799	0	-1	-1	-1	-1	0	1	1	1	1	1	1	1	1	1	1	1	1	1	1	1
1	10	-1	-1	1	-1	-1	17	0	167	129	400000	300000	0	-1	-1	-1	-1	-1	-1	-1	-1	-1	-1	-1	-1			
27	"Get the supplies for Chaos Castle"	0	0																								
0	2	2	1	2	257	800	899	0	-1	-1	-1	-1	0	1	1	1	1	1	1	1	1	1	1	1	1	1	1	1
1	2	10	-1	80	-1	-1	14	1	30	116	0	0	0	14	3	10	14	6	10	14	35	5	-1	-1	-1			
28	"Defeat 5 monsters in Chaos Castle!"	0	0																								
0	2	2	1	2	257	800	899	0	-1	-1	-1	-1	0	1	1	1	1	1	1	1	1	1	1	1	1	1	1	1
1	16	-1	-1	5	-1	-1	17	0	167	129	800000	500000	0	-1	-1	-1	-1	-1	-1	-1	-1	-1	-1	-1	-1			
29	"Clear Chaos Castle!"	0	0																								
0	2	2	1	2	257	800	899	0	-1	-1	-1	-1	0	1	1	1	1	1	1	1	1	1	1	1	1	1	1	1
1	10	-1	-1	1	-1	-1	17	0	167	129	1000000	0	0	12	15	1	-1	-1	-1	-1	-1	-1	-1	-1	-1			
30	"Get the supplies for Chaos Castle"	0	0																								
0	2	2	1	2	257	900	1099	0	-1	-1	-1	-1	0	1	1	1	1	1	1	1	1	1	1	1	1	1	1	1
1	2	37	-1	100	-1	-1	35	4	107	106	0	0	0	14	36	5	14	38	5	-1	-1	-1	-1	-1	-1			
31	"Defeat 1 player in Chaos Castle!"	0	0																								
0	2	2	1	2	257	900	1099	0	-1	-1	-1	-1	0	1	1	1	1	1	1	1	1	1	1	1	1	1	1	1
1	11	-1	-1	1	-1	-1	17	0	167	129	0	300000	0	12	15	1	-1	-1	-1	-1	-1	-1	-1	-1	-1			
32	"Clear Chaos Castle!"	0	0																								
0	2	2	1	2	257	900	1099	0	-1	-1	-1	-1	0	1	1	1	1	1	1	1	1	1	1	1	1	1	1	1
1	10	-1	-1	1	-1	-1	17	0	167	129	0	0	0	14	14	1	-1	-1	-1	-1	-1	-1	-1	-1	-1			
33	"Get the supplies for Chaos Castle"	0	0																								
0	2	2	1	2	257	1100	1299	0	-1	-1	-1	-1	0	1	1	1	1	1	1	1	1	1	1	1	1	1	1	1
1	2	70	-1	100	-1	-1	63	10	91	63	0	0	0	14	37	3	14	39	10	-1	-1	-1	-1	-1	-1			
34	"Defeat 3 players in Chaos Castle!"	0	0																								
0	2	2	1	2	257	1100	1299	0	-1	-1	-1	-1	0	1	1	1	1	1	1	1	1	1	1	1	1	1	1	1
1	11	-1	-1	3	-1	-1	17	0	167	129	0	0	0	14	14	1	-1	-1	-1	-1	-1	-1	-1	-1	-1			
35	"Clear Chaos Castle!"	0	0																								
0	2	2	1	2	257	1100	1299	0	-1	-1	-1	-1	0	1	1	1	1	1	1	1	1	1	1	1	1	1	1	1
1	10	-1	-1	1	-1	-1	17	0	167	129	0	0	0	14	13	1	-1	-1	-1	-1	-1	-1	-1	-1	-1			
36	"Get the supplies for Chaos Castle"	0	0																								
0	2	2	1	2	257	1300	1499	0	-1	-1	-1	-1	0	1	1	1	1	1	1	1	1	1	1	1	1	1	1	1
1	2	61	-1	100	-1	-1	77	8	93	188	0	0	0	14	37	7	14	40	10	-1	-1	-1	-1	-1	-1			
37	"Defeat 5 players in Chaos Castle!"	0	0																								
0	2	2	1	2	257	1300	1499	0	-1	-1	-1	-1	0	1	1	1	1	1	1	1	1	1	1	1	1	1	1	1
1	11	-1	-1	5	-1	-1	17	0	167	129	0	0	0	14	13	1	-1	-1	-1	-1	-1	-1	-1	-1	-1			
38	"Clear Chaos Castle!"	0	0																								
0	2	2	1	2	257	1300	1499	0	-1	-1	-1	-1	0	1	1	1	1	1	1	1	1	1	1	1	1	1	1	1
1	10	-1	-1	1	-1	-1	17	0	167	129	0	0	0	14	16	1	-1	-1	-1	-1	-1	-1	-1	-1	-1			
39	"Get the supplies for Chaos Castle"	0	0																								
0	2	2	1	2	257	1500	1650	0	-1	-1	-1	-1	0	1	1	1	1	1	1	1	1	1	1	1	1	1	1	1
1	2	444	-1	100	-1	-1	278	56	227	10	0	0	0	14	37	10	14	40	15	-1	-1	-1	-1	-1	-1			
40	"Defeat 7 players in Chaos Castle!"	0	0																								
0	2	2	1	2	257	1500	1650	0	-1	-1	-1	-1	0	1	1	1	1	1	1	1	1	1	1	1	1	1	1	1
1	11	-1	-1	7	-1	-1	17	0	167	129	0	0	0	14	14	2	-1	-1	-1	-1	-1	-1	-1	-1	-1			
41	"Clear Chaos Castle!"	0	0																								
0	2	2	1	2	257	1500	1650	0	-1	-1	-1	-1	0	1	1	1	1	1	1	1	1	1	1	1	1	1	1	1
1	10	-1	-1	1	-1	-1	17	0	167	129	0	0	0	14	13	2	-1	-1	-1	-1	-1	-1	-1	-1	-1			
42	"Listen to the Blood Castle Description(Lv. 50~399)"	0	0																								
0	3	2	1	2	257	50	399	0	-1	-1	-1	-1	0	1	1	1	1	1	1	1	1	1	1	1	1	1	1	1
1	6	-1	-1	-1	-1	-1	17	0	167	129	10000	0	0	-1	-1	-1	-1	-1	-1	-1	-1	-1	-1	-1	-1			
43	"Get the supplies for Blood Castle"	0	0																								
0	3	2	1	2	257	50	399	0	-1	-1	-1	-1	0	1	1	1	1	1	1	1	1	1	1	1	1	1	1	1
1	2	5	-1	40	-1	-1	6	1	175	119	0	0	0	13	18	1	-1	-1	-1	-1	-1	-1	-1	-1	-1			
44	"Destroy the gate in Blood Castle!"	0	0																								
0	3	2	1	2	257	50	399	0	-1	-1	-1	-1	0	1	1	1	1	1	1	1	1	1	1	1	1	1	1	1
1	13	-1	-1	1	-1	-1	17	0	167	129	0	100000	0	-1	-1	-1	-1	-1	-1	-1	-1	-1	-1	-1	-1			
45	"Clear Blood Castle!"	0	0																								
0	3	2	1	2	257	50	399	0	-1	-1	-1	-1	0	1	1	1	1	1	1	1	1	1	1	1	1	1	1	1
1	12	-1	-1	1	-1	-1	17	0	167	129	100000	200000	0	-1	-1	-1	-1	-1	-1	-1	-1	-1	-1	-1	-1			
46	"Listen to the Blood Castle Description (Lv. 400~599)"	0	0																								
0	3	2	1	2	257	400	799	0	-1	-1	-1	-1	0	1	1	1	1	1	1	1	1	1	1	1	1	1	1	1
1	6	-1	-1	-1	-1	-1	17	0	167	129	200000	0	0	-1	-1	-1	-1	-1	-1	-1	-1	-1	-1	-1	-1			
47	"Get the supplies for Blood Castle"	0	0																								
0	3	2	1	2	257	400	799	0	-1	-1	-1	-1	0	1	1	1	1	1	1	1	1	1	1	1	1	1	1	1
1	2	8	-1	40	-1	-1	6	1	117	31	0	0	0	13	18	2	-1	-1	-1	-1	-1	-1	-1	-1	-1			
48	"Destroy the gate in Blood Castle!"	0	0																								
0	3	2	1	2	257	400	799	0	-1	-1	-1	-1	0	1	1	1	1	1	1	1	1	1	1	1	1	1	1	1
1	13	-1	-1	1	-1	-1	17	0	167	129	0	200000	0	-1	-1	-1	-1	-1	-1	-1	-1	-1	-1	-1	-1			
49	"Clear Blood Castle!"	0	0																								
0	3	2	1	2	257	400	799	0	-1	-1	-1	-1	0	1	1	1	1	1	1	1	1	1	1	1	1	1	1	1
1	12	-1	-1	1	-1	-1	17	0	167	129	400000	300000	0	-1	-1	-1	-1	-1	-1	-1	-1	-1	-1	-1	-1			
50	"Get the supplies for Blood Castle"	0	0																								
0	3	2	1	2	257	800	899	0	-1	-1	-1	-1	0	1	1	1	1	1	1	1	1	1	1	1	1	1	1	1
1	2	40	-1	80	-1	-1	37	4	127	24	0	0	0	13	18	3	-1	-1	-1	-1	-1	-1	-1	-1	-1			
51	"Destroy the gate in Blood Castle!"	0	0																								
0	3	2	1	2	257	800	899	0	-1	-1	-1	-1	0	1	1	1	1	1	1	1	1	1	1	1	1	1	1	1
1	13	-1	-1	1	-1	-1	17	0	167	129	800000	500000	0	-1	-1	-1	-1	-1	-1	-1	-1	-1	-1	-1	-1			
52	"Clear Blood Castle!"	0	0																								
0	3	2	1	2	257	800	899	0	-1	-1	-1	-1	0	1	1	1	1	1	1	1	1	1	1	1	1	1	1	1
1	12	-1	-1	1	-1	-1	17	0	167	129	1000000	0	0	12	15	1	-1	-1	-1	-1	-1	-1	-1	-1	-1			
53	"Get the supplies for Blood Castle"	0	0																								
0	3	2	1	2	257	900	1099	0	-1	-1	-1	-1	0	1	1	1	1	1	1	1	1	1	1	1	1	1	1	1
1	2	71	-1	100	-1	-1	63	10	66	75	0	0	0	13	18	4	-1	-1	-1	-1	-1	-1	-1	-1	-1			
54	"Destroy the gate in Blood Castle!"	0	0																								
0	3	2	1	2	257	900	1099	0	-1	-1	-1	-1	0	1	1	1	1	1	1	1	1	1	1	1	1	1	1	1
1	13	-1	-1	1	-1	-1	17	0	167	129	0	500000	0	12	15	1	-1	-1	-1	-1	-1	-1	-1	-1	-1			
55	"Clear Blood Castle!"	0	0																								
0	3	2	1	2	257	900	1099	0	-1	-1	-1	-1	0	1	1	1	1	1	1	1	1	1	1	1	1	1	1	1
1	12	-1	-1	1	-1	-1	17	0	167	129	0	0	0	14	14	1	-1	-1	-1	-1	-1	-1	-1	-1	-1			
56	"Get the supplies for Blood Castle"	0	0																								
0	3	2	1	2	257	1100	1299	0	-1	-1	-1	-1	0	1	1	1	1	1	1	1	1	1	1	1	1	1	1	1
1	2	58	-1	100	-1	-1	57	8	30	112	0	0	0	13	18	5	-1	-1	-1	-1	-1	-1	-1	-1	-1			
57	"Destroy the gate in Blood Castle!"	0	0																								
0	3	2	1	2	257	1100	1299	0	-1	-1	-1	-1	0	1	1	1	1	1	1	1	1	1	1	1	1	1	1	1
1	13	-1	-1	1	-1	-1	17	0	167	129	0	0	0	14	14	1	-1	-1	-1	-1	-1	-1	-1	-1	-1			
58	"Clear Blood Castle!"	0	0																								
0	3	2	1	2	257	1100	1299	0	-1	-1	-1	-1	0	1	1	1	1	1	1	1	1	1	1	1	1	1	1	1
1	12	-1	-1	1	-1	-1	17	0	167	129	0	0	0	14	13	1	-1	-1	-1	-1	-1	-1	-1	-1	-1			
59	"Get the supplies for Blood Castle"	0	0																								
0	3	2	1	2	257	1300	1499	0	-1	-1	-1	-1	0	1	1	1	1	1	1	1	1	1	1	1	1	1	1	1
1	2	72	-1	100	-1	-1	63	10	44	131	0	0	0	13	18	6	-1	-1	-1	-1	-1	-1	-1	-1	-1			
60	"Destroy the gate in Blood Castle!"	0	0																								
0	3	2	1	2	257	1300	1499	0	-1	-1	-1	-1	0	1	1	1	1	1	1	1	1	1	1	1	1	1	1	1
1	13	-1	-1	1	-1	-1	17	0	167	129	0	0	0	14	13	1	-1	-1	-1	-1	-1	-1	-1	-1	-1			
61	"Clear Blood Castle!"	0	0																								
0	3	2	1	2	257	1300	1499	0	-1	-1	-1	-1	0	1	1	1	1	1	1	1	1	1	1	1	1	1	1	1
1	12	-1	-1	1	-1	-1	17	0	167	129	0	0	0	14	16	1	-1	-1	-1	-1	-1	-1	-1	-1	-1			
62	"Get the supplies for Blood Castle"	0	0																								
0	3	2	1	2	257	1500	1650	0	-1	-1	-1	-1	0	1	1	1	1	1	1	1	1	1	1	1	1	1	1	1
1	2	359	-1	100	-1	-1	130	38	125	97	0	0	0	13	18	7	-1	-1	-1	-1	-1	-1	-1	-1	-1			
63	"Destroy the gate in Blood Castle!"	0	0																								
0	3	2	1	2	257	1500	1650	0	-1	-1	-1	-1	0	1	1	1	1	1	1	1	1	1	1	1	1	1	1	1
1	13	-1	-1	1	-1	-1	17	0	167	129	0	0	0	14	14	2	-1	-1	-1	-1	-1	-1	-1	-1	-1			
64	"Clear Blood Castle!"	0	0																								
0	3	2	1	2	257	1500	1650	0	-1	-1	-1	-1	0	1	1	1	1	1	1	1	1	1	1	1	1	1	1	1
1	12	-1	-1	1	-1	-1	17	0	167	129	0	0	0	14	13	2	-1	-1	-1	-1	-1	-1	-1	-1	-1			
65	"Listen to the Devil Square Description(Lv. 50~399)"	0	0																								
0	4	2	1	2	257	50	399	0	-1	-1	-1	-1	0	1	1	1	1	1	1	1	1	1	1	1	1	1	1	1
1	6	-1	-1	-1	-1	-1	17	0	167	129	10000	0	0	-1	-1	-1	-1	-1	-1	-1	-1	-1	-1	-1	-1			
66	"Get the supplies for Devil Square"	0	0																								
0	4	2	1	2	257	50	399	0	-1	-1	-1	-1	0	1	1	1	1	1	1	1	1	1	1	1	1	1	1	1
1	2	422	-1	40	-1	-1	268	51	78	58	0	0	0	14	19	1	-1	-1	-1	-1	-1	-1	-1	-1	-1			
67	"Gain 50 points in Devil Square!"	0	0																								
0	4	2	1	2	257	50	399	0	-1	-1	-1	-1	0	1	1	1	1	1	1	1	1	1	1	1	1	1	1	1
1	15	-1	-1	50	-1	-1	17	0	167	129	0	100000	0	-1	-1	-1	-1	-1	-1	-1	-1	-1	-1	-1	-1			
68	"Clear Devil Square!"	0	0																								
0	4	2	1	2	257	50	399	0	-1	-1	-1	-1	0	1	1	1	1	1	1	1	1	1	1	1	1	1	1	1
1	14	-1	-1	1	-1	-1	17	0	167	129	100000	200000	0	-1	-1	-1	-1	-1	-1	-1	-1	-1	-1	-1	-1			
69	"Listen to the Devil Square Description (Lv. 400~599)"	0	0																								
0	4	2	1	2	257	400	799	0	-1	-1	-1	-1	0	1	1	1	1	1	1	1	1	1	1	1	1	1	1	1
1	6	-1	-1	-1	-1	-1	17	0	167	129	200000	0	0	-1	-1	-1	-1	-1	-1	-1	-1	-1	-1	-1	-1			
70	"Get the supplies for Devil Square"	0	0																								
0	4	2	1	2	257	400	799	0	-1	-1	-1	-1	0	1	1	1	1	1	1	1	1	1	1	1	1	1	1	1
1	2	41	-1	60	-1	-1	33	4	118	230	0	0	0	14	19	2	-1	-1	-1	-1	-1	-1	-1	-1	-1			
71	"Gain 100 points in Devil Square!"	0	0																								
0	4	2	1	2	257	400	799	0	-1	-1	-1	-1	0	1	1	1	1	1	1	1	1	1	1	1	1	1	1	1
1	15	-1	-1	100	-1	-1	17	0	167	129	0	200000	0	-1	-1	-1	-1	-1	-1	-1	-1	-1	-1	-1	-1			
72	"Clear Devil Square!"	0	0																								
0	4	2	1	2	257	400	799	0	-1	-1	-1	-1	0	1	1	1	1	1	1	1	1	1	1	1	1	1	1	1
1	14	-1	-1	1	-1	-1	17	0	167	129	400000	300000	0	-1	-1	-1	-1	-1	-1	-1	-1	-1	-1	-1	-1			
73	"Get the supplies for Devil Square"	0	0																								
0	4	2	1	2	257	800	899	0	-1	-1	-1	-1	0	1	1	1	1	1	1	1	1	1	1	1	1	1	1	1
1	2	69	-1	80	-1	-1	63	10	17	19	0	0	0	14	19	3	-1	-1	-1	-1	-1	-1	-1	-1	-1			
74	"Gain 130 points in Devil Square!"	0	0																								
0	4	2	1	2	257	800	899	0	-1	-1	-1	-1	0	1	1	1	1	1	1	1	1	1	1	1	1	1	1	1
1	15	-1	-1	130	-1	-1	17	0	167	129	800000	500000	0	-1	-1	-1	-1	-1	-1	-1	-1	-1	-1	-1	-1			
75	"Clear Devil Square!"	0	0																								
0	4	2	1	2	257	800	899	0	-1	-1	-1	-1	0	1	1	1	1	1	1	1	1	1	1	1	1	1	1	1
1	14	-1	-1	1	-1	-1	17	0	167	129	1000000	0	0	12	15	1	-1	-1	-1	-1	-1	-1	-1	-1	-1			
76	"Get the supplies for Devil Square"	0	0																								
0	4	2	1	2	257	900	1099	0	-1	-1	-1	-1	0	1	1	1	1	1	1	1	1	1	1	1	1	1	1	1
1	2	57	-1	100	-1	-1	57	8	60	83	0	0	0	14	19	4	-1	-1	-1	-1	-1	-1	-1	-1	-1			
77	"Gain 160 points in Devil Square!"	0	0																								
0	4	2	1	2	257	900	1099	0	-1	-1	-1	-1	0	1	1	1	1	1	1	1	1	1	1	1	1	1	1	1
1	15	-1	-1	160	-1	-1	17	0	167	129	0	500000	0	12	15	1	-1	-1	-1	-1	-1	-1	-1	-1	-1			
78	"Clear Devil Square!"	0	0																								
0	4	2	1	2	257	900	1099	0	-1	-1	-1	-1	0	1	1	1	1	1	1	1	1	1	1	1	1	1	1	1
1	14	-1	-1	1	-1	-1	17	0	167	129	0	0	0	14	14	1	-1	-1	-1	-1	-1	-1	-1	-1	-1			
79	"Get the supplies for Devil Square"	0	0																								
0	4	2	1	2	257	1100	1299	0	-1	-1	-1	-1	0	1	1	1	1	1	1	1	1	1	1	1	1	1	1	1
1	2	61	-1	100	-1	-1	77	8	93	188	0	0	0	14	19	5	-1	-1	-1	-1	-1	-1	-1	-1	-1			
80	"Gain 190 points in Devil Square!"	0	0																								
0	4	2	1	2	257	1100	1299	0	-1	-1	-1	-1	0	1	1	1	1	1	1	1	1	1	1	1	1	1	1	1
1	15	-1	-1	190	-1	-1	17	0	167	129	0	0	0	14	14	1	-1	-1	-1	-1	-1	-1	-1	-1	-1			
81	"Clear Devil Square!"	0	0																								
0	4	2	1	2	257	1100	1299	0	-1	-1	-1	-1	0	1	1	1	1	1	1	1	1	1	1	1	1	1	1	1
1	14	-1	-1	1	-1	-1	17	0	167	129	0	0	0	14	13	1	-1	-1	-1	-1	-1	-1	-1	-1	-1			
82	"Get the supplies for Devil Square"	0	0																								
0	4	2	1	2	257	1300	1499	0	-1	-1	-1	-1	0	1	1	1	1	1	1	1	1	1	1	1	1	1	1	1
1	2	454	-1	120	-1	-1	287	57	182	204	0	0	0	14	19	6	-1	-1	-1	-1	-1	-1	-1	-1	-1			
83	"Gain 210 points in Devil Square!"	0	0																								
0	4	2	1	2	257	1300	1499	0	-1	-1	-1	-1	0	1	1	1	1	1	1	1	1	1	1	1	1	1	1	1
1	15	-1	-1	210	-1	-1	17	0	167	129	0	0	0	14	13	1	-1	-1	-1	-1	-1	-1	-1	-1	-1			
84	"Clear Devil Square!"	0	0																								
0	4	2	1	2	257	1300	1499	0	-1	-1	-1	-1	0	1	1	1	1	1	1	1	1	1	1	1	1	1	1	1
1	14	-1	-1	1	-1	-1	17	0	167	129	0	0	0	14	16	1	-1	-1	-1	-1	-1	-1	-1	-1	-1			
85	"Get the supplies for Devil Square"	0	0																								
0	4	2	1	2	257	1500	1650	0	-1	-1	-1	-1	0	1	1	1	1	1	1	1	1	1	1	1	1	1	1	1
1	2	445	-1	140	-1	-1	278	56	228	10	0	0	0	14	19	7	-1	-1	-1	-1	-1	-1	-1	-1	-1			
86	"Gain 240 points in Devil Square!"	0	0																								
0	4	2	1	2	257	1500	1650	0	-1	-1	-1	-1	0	1	1	1	1	1	1	1	1	1	1	1	1	1	1	1
1	15	-1	-1	240	-1	-1	17	0	167	129	0	0	0	14	14	2	-1	-1	-1	-1	-1	-1	-1	-1	-1			
87	"Clear Devil Square!"	0	0																								
0	4	2	1	2	257	1500	1650	0	-1	-1	-1	-1	0	1	1	1	1	1	1	1	1	1	1	1	1	1	1	1
1	14	-1	-1	1	-1	-1	17	0	167	129	0	0	0	14	13	2	-1	-1	-1	-1	-1	-1	-1	-1	-1			
88	"The call from Acheron"	0	0																								
0	8	2	1	1	300	300	1650	0	-1	-1	-1	-1	0	1	1	1	1	1	1	1	1	1	1	1	1	1	1	1
1	5	-1	-1	-1	-1	-1	417	91	30	208	0	0	0	-1	-1	-1	-1	-1	-1	-1	-1	-1	-1	-1	-1			
89	"The Only Survivor of the Adventurers"	0	0																								
0	8	2	1	2	581	300	1650	0	-1	-1	-1	-1	0	1	1	1	1	1	1	1	1	1	1	1	1	1	1	1
1	6	-1	-1	-1	-1	-1	417	91	30	208	0	0	0	-1	-1	-1	-1	-1	-1	-1	-1	-1	-1	-1	-1			
90	"Acheron's Mysterious Power, Element"	0	0																								
0	8	2	1	2	581	300	1650	0	-1	-1	-1	-1	0	1	1	1	1	1	1	1	1	1	1	1	1	1	1	1
1	1	12	200	1	-1	0	419	91	111	137	100000	0	0	12	288	1	-1	-1	-1	-1	-1	-1	-1	-1	-1			
91	"Errtel Item"	0	0																								
0	8	2	1	2	581	300	1650	0	-1	-1	-1	-1	0	1	1	1	1	1	1	1	1	1	1	1	1	1	1	1
1	2	586	-1	20	-1	-1	419	91	126	155	100000	0	0	12	221	1	-1	-1	-1	-1	-1	-1	-1	-1	-1			
92	"Create Errtel"	0	0																								
0	8	2	1	2	581	300	1650	0	-1	-1	-1	-1	0	1	1	1	1	1	1	1	1	1	1	1	1	1	1	1
1	1	12	145	1	-1	0	419	91	111	137	100000	0	0	12	288	1	-1	-1	-1	-1	-1	-1	-1	-1	-1			
93	"Spirit Survivor Adniel"	0	0																								
0	8	2	1	2	581	300	1650	0	-1	-1	-1	-1	0	1	1	1	1	1	1	1	1	1	1	1	1	1	1	1
1	1	14	290	1	-1	0	417	91	41	215	100000	0	0	12	288	1	-1	-1	-1	-1	-1	-1	-1	-1	-1			
94	"Secrets of the Acheron Monsters"	0	0																								
0	8	2	1	2	581	300	1650	0	-1	-1	-1	-1	0	1	1	1	1	1	1	1	1	1	1	1	1	1	1	1
1	2	587	-1	20	-1	-1	419	91	115	130	100000	0	0	12	231	1	-1	-1	-1	-1	-1	-1	-1	-1	-1			
95	"Change of Acheron Island"	0	0																								
0	8	2	1	2	581	300	399	0	-1	-1	-1	-1	0	1	1	1	1	1	1	1	1	1	1	1	1	1	1	1
1	2	586	-1	30	-1	-1	419	91	126	155	100000	0	0	12	145	1	-1	-1	-1	-1	-1	-1	-1	-1	-1			
96	"Ubaid's Gatekeeper"	0	0																								
0	8	2	1	2	581	300	399	0	-1	-1	-1	-1	0	1	1	1	1	1	1	1	1	1	1	1	1	1	1	1
1	2	587	-1	30	-1	-1	419	91	115	130	100000	0	0	12	145	1	-1	-1	-1	-1	-1	-1	-1	-1	-1			
97	"Discovery of new clue"	0	0																								
0	8	2	1	2	581	300	399	0	-1	-1	-1	-1	0	1	1	1	1	1	1	1	1	1	1	1	1	1	1	1
1	2	588	-1	30	-1	-1	419	91	78	33	100000	0	0	14	290	1	-1	-1	-1	-1	-1	-1	-1	-1	-1			
98	"Devil Fairy Elimination Order (Repeatable)"	0	0																								
0	8	2	1	2	581	300	329	-1	-1	-1	-1	-1	0	1	1	1	1	1	1	1	1	1	1	1	1	1	1	1
1	2	586	-1	50	-1	-1	419	91	126	155	200000	100000	0	-1	-1	-1	-1	-1	-1	-1	-1	-1	-1	-1	-1			
99	"Elemental Beast Elimination Order (Repeatable)"	0	0																								
0	8	2	1	2	581	330	359	-1	-1	-1	-1	-1	0	1	1	1	1	1	1	1	1	1	1	1	1	1	1	1
1	2	587	-1	50	-1	-1	419	91	115	130	200000	100000	0	-1	-1	-1	-1	-1	-1	-1	-1	-1	-1	-1	-1			
100	"Elemental Knight Elimination Order (Repeatable)"	0	0																								
0	8	2	1	2	581	360	399	-1	-1	-1	-1	-1	0	1	1	1	1	1	1	1	1	1	1	1	1	1	1	1
1	2	588	-1	50	-1	-1	419	91	78	33	200000	100000	0	-1	-1	-1	-1	-1	-1	-1	-1	-1	-1	-1	-1			
101	"Eliminate Ubaid Devil Fairy"	0	0																								
0	8	2	1	2	581	400	459	0	-1	-1	-1	-1	0	1	1	1	1	1	1	1	1	1	1	1	1	1	1	1
1	2	589	-1	30	-1	-1	423	91	155	188	100000	0	0	12	145	1	-1	-1	-1	-1	-1	-1	-1	-1	-1			
102	"Eliminate Ubaid Elemental Beasts"	0	0																								
0	8	2	1	2	581	400	459	0	-1	-1	-1	-1	0	1	1	1	1	1	1	1	1	1	1	1	1	1	1	1
1	2	590	-1	30	-1	-1	423	91	206	176	100000	0	0	14	290	1	-1	-1	-1	-1	-1	-1	-1	-1	-1			
103	"Attack of Ubaid Elemental Knight"	0	0																								
0	8	2	1	2	581	400	459	0	-1	-1	-1	-1	0	1	1	1	1	1	1	1	1	1	1	1	1	1	1	1
1	2	591	-1	30	-1	-1	423	91	186	103	100000	0	0	12	288	1	-1	-1	-1	-1	-1	-1	-1	-1	-1			
104	"Ubaid Devil Fairy Elimination Order (Repeatable)"	0	0																								
0	8	2	1	2	581	400	419	-1	-1	-1	-1	-1	0	1	1	1	1	1	1	1	1	1	1	1	1	1	1	1
1	2	589	-1	50	-1	-1	423	91	155	188	300000	100000	0	-1	-1	-1	-1	-1	-1	-1	-1	-1	-1	-1	-1			
105	"Ubaid Elemental Beast Elimination Order (Repeatable)"	0	0																								
0	8	2	1	2	581	420	439	-1	-1	-1	-1	-1	0	1	1	1	1	1	1	1	1	1	1	1	1	1	1	1
1	2	590	-1	50	-1	-1	423	91	206	176	300000	100000	0	-1	-1	-1	-1	-1	-1	-1	-1	-1	-1	-1	-1			
106	"Ubaid Elemental Knight Elimination Order (Repeatable)"	0	0																								
0	8	2	1	2	581	440	459	-1	-1	-1	-1	-1	0	1	1	1	1	1	1	1	1	1	1	1	1	1	1	1
1	2	591	-1	50	-1	-1	423	91	186	103	300000	100000	0	-1	-1	-1	-1	-1	-1	-1	-1	-1	-1	-1	-1			
200	"Wandering Merchant Zyro (1)"	1	0																								
0	7	2	1	1	50	50	1650	0	-1	-1	-1	-1	0	1	1	1	1	1	1	1	1	1	1	1	1	1	1	1
1	5	-1	-1	-1	-1	-1	17	0	131	138	50	50	0	-1	-1	-1	-1	-1	-1	-1	-1	-1	-1	-1	-1			
201	"Wandering Merchant Zyro (2)"	1	0																								
0	7	2	1	1	50	50	1650	0	-1	-1	-1	-1	0	1	1	1	1	1	1	1	1	1	1	1	1	1	1	1
1	5	-1	-1	-1	-1	-1	27	3	186	109	50	50	0	-1	-1	-1	-1	-1	-1	-1	-1	-1	-1	-1	-1			
202	"Wandering Merchant Zyro (3)"	1	0																								
0	7	2	1	1	50	50	1650	0	-1	-1	-1	-1	0	1	1	1	1	1	1	1	1	1	1	1	1	1	1	1
1	5	-1	-1	-1	-1	-1	267	51	55	199	50	50	0	-1	-1	-1	-1	-1	-1	-1	-1	-1	-1	-1	-1			
203	"Wandering Merchant Zyro (4)"	1	0																								
0	7	2	1	1	50	50	1650	0	-1	-1	-1	-1	0	1	1	1	1	1	1	1	1	1	1	1	1	1	1	1
1	5	-1	-1	-1	-1	-1	22	2	226	52	50	50	0	-1	-1	-1	-1	-1	-1	-1	-1	-1	-1	-1	-1			
204	"Expanding Bussiness with Merchant Guild"	1	0																								
0	7	2	1	2	568	50	1650	0	-1	-1	-1	-1	0	1	1	1	1	1	1	1	1	1	1	1	1	1	1	1
1	1	14	164	1	40	200	37	4	115	28	0	0	0	14	163	1	-1	-1	-1	-1	-1	-1	-1	-1	-1			
205	"The Magical Cloth"	1	0																								
0	7	2	1	2	568	150	1650	0	-1	-1	-1	-1	0	1	1	1	1	1	1	1	1	1	1	1	1	1	1	1
1	1	14	165	1	52	200	75	7	78	145	0	0	0	14	162	1	-1	-1	-1	-1	-1	-1	-1	-1	-1			
206	"The Rune Cloth"	1	0																								
0	7	2	1	2	568	300	1650	0	-1	-1	-1	-1	0	1	1	1	1	1	1	1	1	1	1	1	1	1	1	1
1	1	14	166	1	69	200	63	10	17	19	0	0	0	14	162	1	-1	-1	-1	-1	-1	-1	-1	-1	-1			
207	"Deleting Memory, first (1)"	1	0																								
0	9	2	1	2	257	410	1650	0	-1	-1	-1	-1	0	1	1	1	1	1	1	1	1	1	1	1	1	1	1	1
1	1	13	148	10	553	200	334	37	73	166	0	1000000	0	-1	-1	-1	-1	-1	-1	-1	-1	-1	-1	-1	-1			
208	"Deleting Memory, first (2)"	1	0																								
0	9	2	1	2	257	410	1650	0	-1	-1	-1	-1	0	1	1	1	1	1	1	1	1	1	1	1	1	1	1	1
1	1	13	151	1	562	200	287	57	83	116	0	0	0	13	156	1	-1	-1	-1	-1	-1	-1	-1	-1	-1			
209	"Deleting Memory, second (1)"	1	0																								
0	10	2	1	2	257	410	1650	0	-1	-1	-1	-1	0	1	1	1	1	1	1	1	1	1	1	1	1	1	1	1
1	1	13	149	10	557	500	278	56	218	178	0	1000000	0	-1	-1	-1	-1	-1	-1	-1	-1	-1	-1	-1	-1			
210	"Deleting Memory, second (2)"	1	0																								
0	10	2	1	2	257	410	1650	0	-1	-1	-1	-1	0	1	1	1	1	1	1	1	1	1	1	1	1	1	1	1
1	1	13	151	1	562	200	287	57	83	116	0	0	0	13	157	1	-1	-1	-1	-1	-1	-1	-1	-1	-1			
211	"Deleting Memory, third (1)"	1	0																								
0	11	2	1	2	257	410	1650	0	-1	-1	-1	-1	0	1	1	1	1	1	1	1	1	1	1	1	1	1	1	1
1	1	13	150	10	549	200	140	33	195	194	0	1000000	0	-1	-1	-1	-1	-1	-1	-1	-1	-1	-1	-1	-1			
212	"Deleting Memory, third (2)"	1	0																								
0	11	2	1	2	257	410	1650	0	-1	-1	-1	-1	0	1	1	1	1	1	1	1	1	1	1	1	1	1	1	1
1	1	13	151	1	562	200	287	57	83	116	0	0	0	13	158	1	-1	-1	-1	-1	-1	-1	-1	-1	-1			
213	"Last Chance (1)"	1	0																								
0	12	2	1	2	257	450	1650	0	-1	-1	-1	-1	0	1	1	1	1	1	1	1	1	1	1	1	1	1	1	1
1	1	13	148	20	553	200	334	37	73	166	0	1000000	0	-1	-1	-1	-1	-1	-1	-1	-1	-1	-1	-1	-1			
214	"Last Chance (2)"	1	0																								
0	12	2	1	2	257	450	1650	0	-1	-1	-1	-1	0	1	1	1	1	1	1	1	1	1	1	1	1	1	1	1
1	1	13	149	20	557	500	278	56	218	178	0	1000000	0	-1	-1	-1	-1	-1	-1	-1	-1	-1	-1	-1	-1			
215	"Last Chance (3)"	1	0																								
0	12	2	1	2	257	450	1650	0	-1	-1	-1	-1	0	1	1	1	1	1	1	1	1	1	1	1	1	1	1	1
1	1	13	150	20	549	200	140	33	195	194	0	1000000	0	-1	-1	-1	-1	-1	-1	-1	-1	-1	-1	-1	-1			
216	"Last Chance (4)"	1	0																								
0	12	2	1	2	257	450	1650	0	-1	-1	-1	-1	0	1	1	1	1	1	1	1	1	1	1	1	1	1	1	1
1	1	13	151	5	562	200	287	57	83	116	0	0	0	13	159	1	-1	-1	-1	-1	-1	-1	-1	-1	-1			
217	"Request from Shadow Phantom Soldier"	0	0																								
0	15	2	1	1	91	91	1650	0	-1	-1	-1	-1	0	1	1	1	0	0	1	0	0	1	1	1	1	1	1	1
1	5	-1	-1	-1	-1	-1	17	0	167	129	50	50	0	-1	-1	-1	-1	-1	-1	-1	-1	-1	-1	-1	-1			
218	"The Beginning of the request!"	0	0																								
0	15	2	1	2	257	91	1650	0	-1	-1	-1	-1	0	1	1	1	0	0	1	0	0	1	1	1	1	1	1	1
1	6	-1	-1	-1	-1	-1	17	0	167	129	50	50	0	-1	-1	-1	-1	-1	-1	-1	-1	-1	-1	-1	-1			
219	"Conquer the Dungeon (1)"	0	0																								
0	15	2	1	1	91	91	1650	0	-1	-1	-1	-1	0	0	1	0	0	0	0	0	0	0	0	0	0	0	0	0
1	8	-1	-1	80	-1	-1	2	1	109	235	0	0	0	10	1	8	-1	-1	-1	-1	-1	-1	-1	-1	-1			
220	"Conquer the Dungeon (1)"	0	0																								
0	15	2	1	1	91	91	1650	0	-1	-1	-1	-1	0	1	0	0	0	0	0	0	0	0	0	0	0	0	0	0
1	8	-1	-1	80	-1	-1	2	1	109	235	0	0	0	10	3	8	-1	-1	-1	-1	-1	-1	-1	-1	-1			
221	"Conquer the Dungeon (1)"	0	0																								
0	15	2	1	1	91	91	1650	0	-1	-1	-1	-1	0	0	0	1	0	0	0	0	0	0	0	0	0	0	0	0
1	8	-1	-1	80	-1	-1	2	1	109	235	0	0	0	10	14	8	-1	-1	-1	-1	-1	-1	-1	-1	-1			
222	"Conquer the Dungeon (1)"	0	0																								
0	15	2	1	1	91	91	1650	0	-1	-1	-1	-1	0	0	0	0	0	0	1	0	0	0	0	0	0	0	0	0
1	8	-1	-1	80	-1	-1	2	1	109	235	0	0	0	10	40	8	-1	-1	-1	-1	-1	-1	-1	-1	-1			
223	"Conquer the Dungeon (2)"	0	0																								
0	15	2	1	1	91	91	1650	0	-1	-1	-1	-1	0	0	1	0	0	0	0	0	0	0	0	0	0	0	0	0
1	8	-1	-1	80	-1	-1	2	1	109	235	0	0	0	11	1	8	-1	-1	-1	-1	-1	-1	-1	-1	-1			
224	"Conquer the Dungeon (2)"	0	0																								
0	15	2	1	1	91	91	1650	0	-1	-1	-1	-1	0	1	0	0	0	0	0	0	0	0	0	0	0	0	0	0
1	8	-1	-1	80	-1	-1	2	1	109	235	0	0	0	11	3	8	-1	-1	-1	-1	-1	-1	-1	-1	-1			
225	"Conquer the Dungeon (2)"	0	0																								
0	15	2	1	1	91	91	1650	0	-1	-1	-1	-1	0	0	0	1	0	0	0	0	0	0	0	0	0	0	0	0
1	8	-1	-1	80	-1	-1	2	1	109	235	0	0	0	11	14	8	-1	-1	-1	-1	-1	-1	-1	-1	-1			
226	"Conquer the Dungeon (2)"	0	0																								
0	15	2	1	1	91	91	1650	0	-1	-1	-1	-1	0	0	0	0	0	0	1	0	0	0	0	0	0	0	0	0
1	8	-1	-1	80	-1	-1	2	1	109	235	0	0	0	11	40	8	-1	-1	-1	-1	-1	-1	-1	-1	-1			
227	"Conquer the Dungeon (3)"	0	0																								
0	15	2	1	1	91	91	1650	0	-1	-1	-1	-1	0	0	1	0	0	0	0	0	0	0	0	0	0	0	0	0
1	8	-1	-1	80	-1	-1	2	1	109	235	0	0	0	7	1	8	-1	-1	-1	-1	-1	-1	-1	-1	-1			
228	"Conquer the Dungeon (3)"	0	0																								
0	15	2	1	1	91	91	1650	0	-1	-1	-1	-1	0	1	0	0	0	0	0	0	0	0	0	0	0	0	0	0
1	8	-1	-1	80	-1	-1	2	1	109	235	0	0	0	7	3	8	-1	-1	-1	-1	-1	-1	-1	-1	-1			
229	"Conquer the Dungeon (3)"	0	0																								
0	15	2	1	1	91	91	1650	0	-1	-1	-1	-1	0	0	0	1	0	0	0	0	0	0	0	0	0	0	0	0
1	8	-1	-1	80	-1	-1	2	1	109	235	0	0	0	7	14	8	-1	-1	-1	-1	-1	-1	-1	-1	-1			
230	"Conquer the Dungeon (3)"	0	0																								
0	15	2	1	1	91	91	1650	0	-1	-1	-1	-1	0	0	0	0	0	0	1	0	0	0	0	0	0	0	0	0
1	8	-1	-1	80	-1	-1	2	1	109	235	0	0	0	7	40	8	-1	-1	-1	-1	-1	-1	-1	-1	-1			
231	"Conquer the Dungeon (4)"	0	0																								
0	15	2	1	1	91	91	1650	0	-1	-1	-1	-1	0	0	1	0	0	0	0	0	0	0	0	0	0	0	0	0
1	8	-1	-1	80	-1	-1	2	1	109	235	0	0	0	9	1	8	-1	-1	-1	-1	-1	-1	-1	-1	-1			
232	"Conquer the Dungeon (4)"	0	0																								
0	15	2	1	1	91	91	1650	0	-1	-1	-1	-1	0	1	0	0	0	0	0	0	0	0	0	0	0	0	0	0
1	8	-1	-1	80	-1	-1	2	1	109	235	0	0	0	9	3	8	-1	-1	-1	-1	-1	-1	-1	-1	-1			
233	"Conquer the Dungeon (4)"	0	0																								
0	15	2	1	1	91	91	1650	0	-1	-1	-1	-1	0	0	0	1	0	0	0	0	0	0	0	0	0	0	0	0
1	8	-1	-1	80	-1	-1	2	1	109	235	0	0	0	9	14	8	-1	-1	-1	-1	-1	-1	-1	-1	-1			
234	"Conquer the Dungeon (4)"	0	0																								
0	15	2	1	1	91	91	1650	0	-1	-1	-1	-1	0	0	0	0	0	0	1	0	0	0	0	0	0	0	0	0
1	8	-1	-1	80	-1	-1	2	1	109	235	0	0	0	9	40	8	-1	-1	-1	-1	-1	-1	-1	-1	-1			
235	"Conquer the Dungeon (5)"	0	0																								
0	15	2	1	1	91	91	1650	0	-1	-1	-1	-1	0	0	1	0	0	0	0	0	0	0	0	0	0	0	0	0
1	8	-1	-1	80	-1	-1	2	1	109	235	0	0	0	8	1	8	-1	-1	-1	-1	-1	-1	-1	-1	-1			
236	"Conquer the Dungeon (5)"	0	0																								
0	15	2	1	1	91	91	1650	0	-1	-1	-1	-1	0	1	0	0	0	0	0	0	0	0	0	0	0	0	0	0
1	8	-1	-1	80	-1	-1	2	1	109	235	0	0	0	8	3	8	-1	-1	-1	-1	-1	-1	-1	-1	-1			
237	"Conquer the Dungeon (5)"	0	0																								
0	15	2	1	1	91	91	1650	0	-1	-1	-1	-1	0	0	0	1	0	0	0	0	0	0	0	0	0	0	0	0
1	8	-1	-1	80	-1	-1	2	1	109	235	0	0	0	8	14	8	-1	-1	-1	-1	-1	-1	-1	-1	-1			
238	"Conquer the Dungeon (5)"	0	0																								
0	15	2	1	1	91	91	1650	0	-1	-1	-1	-1	0	0	0	0	0	0	1	0	0	0	0	0	0	0	0	0
1	8	-1	-1	80	-1	-1	2	1	109	235	0	0	0	8	40	8	-1	-1	-1	-1	-1	-1	-1	-1	-1			
239	"Conquer the Dungeon (6)"	0	0																								
0	15	2	1	1	91	91	1650	0	-1	-1	-1	-1	0	0	1	0	0	0	0	0	0	0	0	0	0	0	0	0
1	8	-1	-1	80	-1	-1	2	1	109	235	0	0	0	0	13	8	-1	-1	-1	-1	-1	-1	-1	-1	-1			
240	"Conquer the Dungeon (6)"	0	0																								
0	15	2	1	1	91	91	1650	0	-1	-1	-1	-1	0	1	0	0	0	0	0	0	0	0	0	0	0	0	0	0
1	8	-1	-1	80	-1	-1	2	1	109	235	0	0	0	5	5	8	-1	-1	-1	-1	-1	-1	-1	-1	-1			
241	"Conquer the Dungeon (6)"	0	0																								
0	15	2	1	1	91	91	1650	0	-1	-1	-1	-1	0	0	0	1	0	0	0	0	0	0	0	0	0	0	0	0
1	8	-1	-1	80	-1	-1	2	1	109	235	0	0	0	4	13	8	-1	-1	-1	-1	-1	-1	-1	-1	-1			
242	"Conquer the Dungeon (6)"	0	0																								
0	15	2	1	1	91	91	1650	0	-1	-1	-1	-1	0	0	0	0	0	0	1	0	0	0	0	0	0	0	0	0
1	8	-1	-1	80	-1	-1	2	1	109	235	0	0	0	5	16	8	-1	-1	-1	-1	-1	-1	-1	-1	-1			
243	"Reconnaissance Party's Mission (1)"	0	0																								
0	15	2	1	1	161	161	1650	0	-1	-1	-1	-1	0	0	1	0	0	0	0	0	0	0	0	0	0	0	0	0
1	8	-1	-1	80	-1	-1	29	4	211	96	0	0	0	10	34	7	-1	-1	-1	-1	-1	-1	-1	-1	-1			
244	"Reconnaissance Party's Mission (1)"	0	0																								
0	15	2	1	1	161	161	1650	0	-1	-1	-1	-1	0	1	0	0	0	0	0	0	0	0	0	0	0	0	0	0
1	8	-1	-1	80	-1	-1	29	4	211	96	0	0	0	10	35	7	-1	-1	-1	-1	-1	-1	-1	-1	-1			
245	"Reconnaissance Party's Mission (1)"	0	0																								
0	15	2	1	1	161	161	1650	0	-1	-1	-1	-1	0	0	0	1	0	0	0	0	0	0	0	0	0	0	0	0
1	8	-1	-1	80	-1	-1	29	4	211	96	0	0	0	10	36	7	-1	-1	-1	-1	-1	-1	-1	-1	-1			
246	"Reconnaissance Party's Mission (1)"	0	0																								
0	15	2	1	1	161	161	1650	0	-1	-1	-1	-1	0	0	0	0	0	0	1	0	0	0	0	0	0	0	0	0
1	8	-1	-1	80	-1	-1	29	4	211	96	0	0	0	10	41	7	-1	-1	-1	-1	-1	-1	-1	-1	-1			
247	"Reconnaissance Party's Mission (2)"	0	0																								
0	15	2	1	1	161	161	1650	0	-1	-1	-1	-1	0	0	1	0	0	0	0	0	0	0	0	0	0	0	0	0
1	8	-1	-1	80	-1	-1	29	4	211	96	0	0	0	11	34	7	-1	-1	-1	-1	-1	-1	-1	-1	-1			
248	"Reconnaissance Party's Mission (2)"	0	0																								
0	15	2	1	1	161	161	1650	0	-1	-1	-1	-1	0	1	0	0	0	0	0	0	0	0	0	0	0	0	0	0
1	8	-1	-1	80	-1	-1	29	4	211	96	0	0	0	11	35	7	-1	-1	-1	-1	-1	-1	-1	-1	-1			
249	"Reconnaissance Party's Mission (2)"	0	0																								
0	15	2	1	1	161	161	1650	0	-1	-1	-1	-1	0	0	0	1	0	0	0	0	0	0	0	0	0	0	0	0
1	8	-1	-1	80	-1	-1	29	4	211	96	0	0	0	11	36	7	-1	-1	-1	-1	-1	-1	-1	-1	-1			
250	"Reconnaissance Party's Mission (2)"	0	0																								
0	15	2	1	1	161	161	1650	0	-1	-1	-1	-1	0	0	0	0	0	0	1	0	0	0	0	0	0	0	0	0
1	8	-1	-1	80	-1	-1	29	4	211	96	0	0	0	11	41	7	-1	-1	-1	-1	-1	-1	-1	-1	-1			
251	"Reconnaissance Party's Mission (3)"	0	0																								
0	15	2	1	1	161	161	1650	0	-1	-1	-1	-1	0	0	1	0	0	0	0	0	0	0	0	0	0	0	0	0
1	8	-1	-1	80	-1	-1	29	4	211	96	0	0	0	7	34	7	9	34	7	-1	-1	-1	-1	-1	-1			
252	"Reconnaissance Party's Mission (3)"	0	0																								
0	15	2	1	1	161	161	1650	0	-1	-1	-1	-1	0	1	0	0	0	0	0	0	0	0	0	0	0	0	0	0
1	8	-1	-1	80	-1	-1	29	4	211	96	0	0	0	7	35	7	9	35	7	-1	-1	-1	-1	-1	-1			
253	"Reconnaissance Party's Mission (3)"	0	0																								
0	15	2	1	1	161	161	1650	0	-1	-1	-1	-1	0	0	0	1	0	0	0	0	0	0	0	0	0	0	0	0
1	8	-1	-1	80	-1	-1	29	4	211	96	0	0	0	7	36	7	9	36	7	-1	-1	-1	-1	-1	-1			
254	"Reconnaissance Party's Mission (3)"	0	0																								
0	15	2	1	1	161	161	1650	0	-1	-1	-1	-1	0	0	0	0	0	0	1	0	0	0	0	0	0	0	0	0
1	8	-1	-1	80	-1	-1	29	4	211	96	0	0	0	7	41	7	9	41	7	-1	-1	-1	-1	-1	-1			
255	"Reconnaissance Party's Mission (4)"	0	0																								
0	15	2	1	1	161	161	1650	0	-1	-1	-1	-1	0	0	1	0	0	0	0	0	0	0	0	0	0	0	0	0
1	8	-1	-1	80	-1	-1	29	4	211	96	0	0	0	8	34	7	2	6	4	-1	-1	-1	-1	-1	-1			
256	"Reconnaissance Party's Mission (4)"	0	0																								
0	15	2	1	1	161	161	1650	0	-1	-1	-1	-1	0	1	0	0	0	0	0	0	0	0	0	0	0	0	0	0
1	8	-1	-1	80	-1	-1	29	4	211	96	0	0	0	8	35	7	2	6	4	-1	-1	-1	-1	-1	-1			
257	"Reconnaissance Party's Mission (4)"	0	0																								
0	15	2	1	1	161	161	1650	0	-1	-1	-1	-1	0	0	0	1	0	0	0	0	0	0	0	0	0	0	0	0
1	8	-1	-1	80	-1	-1	29	4	211	96	0	0	0	8	36	7	2	6	4	-1	-1	-1	-1	-1	-1			
258	"Reconnaissance Party's Mission (4)"	0	0																								
0	15	2	1	1	161	161	1650	0	-1	-1	-1	-1	0	0	0	0	0	0	1	0	0	0	0	0	0	0	0	0
1	8	-1	-1	80	-1	-1	29	4	211	96	0	0	0	8	41	7	2	6	4	-1	-1	-1	-1	-1	-1			
259	"Conquer Atlans (1)"	0	0																								
0	15	2	1	1	186	186	1650	0	-1	-1	-1	-1	0	0	1	0	0	0	0	0	0	0	0	0	0	0	0	0
1	8	-1	-1	80	-1	-1	49	7	23	44	0	0	0	10	34	8	-1	-1	-1	-1	-1	-1	-1	-1	-1			
260	"Conquer Atlans (1)"	0	0																								
0	15	2	1	1	186	186	1650	0	-1	-1	-1	-1	0	1	0	0	0	0	0	0	0	0	0	0	0	0	0	0
1	8	-1	-1	80	-1	-1	49	7	23	44	0	0	0	10	35	8	-1	-1	-1	-1	-1	-1	-1	-1	-1			
261	"Conquer Atlans (1)"	0	0																								
0	15	2	1	1	186	186	1650	0	-1	-1	-1	-1	0	0	0	1	0	0	0	0	0	0	0	0	0	0	0	0
1	8	-1	-1	80	-1	-1	49	7	23	44	0	0	0	10	36	8	-1	-1	-1	-1	-1	-1	-1	-1	-1			
262	"Conquer Atlans (1)"	0	0																								
0	15	2	1	1	186	186	1650	0	-1	-1	-1	-1	0	0	0	0	0	0	1	0	0	0	0	0	0	0	0	0
1	8	-1	-1	80	-1	-1	49	7	23	44	0	0	0	10	41	8	-1	-1	-1	-1	-1	-1	-1	-1	-1			
263	"Conquer Atlans (2)"	0	0																								
0	15	2	1	1	186	186	1650	0	-1	-1	-1	-1	0	0	1	0	0	0	0	0	0	0	0	0	0	0	0	0
1	8	-1	-1	80	-1	-1	49	7	23	44	0	0	0	11	34	8	-1	-1	-1	-1	-1	-1	-1	-1	-1			
264	"Conquer Atlans (2)"	0	0																								
0	15	2	1	1	186	186	1650	0	-1	-1	-1	-1	0	1	0	0	0	0	0	0	0	0	0	0	0	0	0	0
1	8	-1	-1	80	-1	-1	49	7	23	44	0	0	0	11	35	8	-1	-1	-1	-1	-1	-1	-1	-1	-1			
265	"Conquer Atlans (2)"	0	0																								
0	15	2	1	1	186	186	1650	0	-1	-1	-1	-1	0	0	0	1	0	0	0	0	0	0	0	0	0	0	0	0
1	8	-1	-1	80	-1	-1	49	7	23	44	0	0	0	11	36	8	-1	-1	-1	-1	-1	-1	-1	-1	-1			
266	"Conquer Atlans (2)"	0	0																								
0	15	2	1	1	186	186	1650	0	-1	-1	-1	-1	0	0	0	0	0	0	1	0	0	0	0	0	0	0	0	0
1	8	-1	-1	80	-1	-1	49	7	23	44	0	0	0	11	41	8	-1	-1	-1	-1	-1	-1	-1	-1	-1			
267	"Conquer Atlans (3)"	0	0																								
0	15	2	1	1	186	186	1650	0	-1	-1	-1	-1	0	0	1	0	0	0	0	0	0	0	0	0	0	0	0	0
1	8	-1	-1	80	-1	-1	49	7	23	44	0	0	0	7	34	8	-1	-1	-1	-1	-1	-1	-1	-1	-1			
268	"Conquer Atlans (3)"	0	0																								
0	15	2	1	1	186	186	1650	0	-1	-1	-1	-1	0	1	0	0	0	0	0	0	0	0	0	0	0	0	0	0
1	8	-1	-1	80	-1	-1	49	7	23	44	0	0	0	7	35	8	-1	-1	-1	-1	-1	-1	-1	-1	-1			
269	"Conquer Atlans (3)"	0	0																								
0	15	2	1	1	186	186	1650	0	-1	-1	-1	-1	0	0	0	1	0	0	0	0	0	0	0	0	0	0	0	0
1	8	-1	-1	80	-1	-1	49	7	23	44	0	0	0	7	36	8	-1	-1	-1	-1	-1	-1	-1	-1	-1			
270	"Conquer Atlans (3)"	0	0																								
0	15	2	1	1	186	186	1650	0	-1	-1	-1	-1	0	0	0	0	0	0	1	0	0	0	0	0	0	0	0	0
1	8	-1	-1	80	-1	-1	49	7	23	44	0	0	0	7	41	8	-1	-1	-1	-1	-1	-1	-1	-1	-1			
271	"Conquer Atlans (4)"	0	0																								
0	15	2	1	1	186	186	1650	0	-1	-1	-1	-1	0	0	1	0	0	0	0	0	0	0	0	0	0	0	0	0
1	8	-1	-1	80	-1	-1	49	7	23	44	0	0	0	9	34	8	-1	-1	-1	-1	-1	-1	-1	-1	-1			
272	"Conquer Atlans (4)"	0	0																								
0	15	2	1	1	186	186	1650	0	-1	-1	-1	-1	0	1	0	0	0	0	0	0	0	0	0	0	0	0	0	0
1	8	-1	-1	80	-1	-1	49	7	23	44	0	0	0	9	35	8	-1	-1	-1	-1	-1	-1	-1	-1	-1			
273	"Conquer Atlans (4)"	0	0																								
0	15	2	1	1	186	186	1650	0	-1	-1	-1	-1	0	0	0	1	0	0	0	0	0	0	0	0	0	0	0	0
1	8	-1	-1	80	-1	-1	49	7	23	44	0	0	0	9	36	8	-1	-1	-1	-1	-1	-1	-1	-1	-1			
274	"Conquer Atlans (4)"	0	0																								
0	15	2	1	1	186	186	1650	0	-1	-1	-1	-1	0	0	0	0	0	0	1	0	0	0	0	0	0	0	0	0
1	8	-1	-1	80	-1	-1	49	7	23	44	0	0	0	9	41	8	-1	-1	-1	-1	-1	-1	-1	-1	-1			
275	"Conquer Atlans (5)"	0	0																								
0	15	2	1	1	186	186	1650	0	-1	-1	-1	-1	0	0	1	0	0	0	0	0	0	0	0	0	0	0	0	0
1	8	-1	-1	80	-1	-1	49	7	23	44	0	0	0	8	34	8	-1	-1	-1	-1	-1	-1	-1	-1	-1			
276	"Conquer Atlans (5)"	0	0																								
0	15	2	1	1	186	186	1650	0	-1	-1	-1	-1	0	1	0	0	0	0	0	0	0	0	0	0	0	0	0	0
1	8	-1	-1	80	-1	-1	49	7	23	44	0	0	0	8	35	8	-1	-1	-1	-1	-1	-1	-1	-1	-1			
277	"Conquer Atlans (5)"	0	0																								
0	15	2	1	1	186	186	1650	0	-1	-1	-1	-1	0	0	0	1	0	0	0	0	0	0	0	0	0	0	0	0
1	8	-1	-1	80	-1	-1	49	7	23	44	0	0	0	8	36	8	-1	-1	-1	-1	-1	-1	-1	-1	-1			
278	"Conquer Atlans (5)"	0	0																								
0	15	2	1	1	186	186	1650	0	-1	-1	-1	-1	0	0	0	0	0	0	1	0	0	0	0	0	0	0	0	0
1	8	-1	-1	80	-1	-1	49	7	23	44	0	0	0	8	41	8	-1	-1	-1	-1	-1	-1	-1	-1	-1			
279	"Conquer Atlans (6)"	0	0																								
0	15	2	1	1	186	186	1650	0	-1	-1	-1	-1	0	0	1	0	0	0	0	0	0	0	0	0	0	0	0	0
1	8	-1	-1	80	-1	-1	49	7	23	44	0	0	0	2	5	7	-1	-1	-1	-1	-1	-1	-1	-1	-1			
280	"Conquer Atlans (6)"	0	0																								
0	15	2	1	1	186	186	1650	0	-1	-1	-1	-1	0	1	0	0	0	0	0	0	0	0	0	0	0	0	0	0
1	8	-1	-1	80	-1	-1	49	7	23	44	0	0	0	5	5	8	-1	-1	-1	-1	-1	-1	-1	-1	-1			
281	"Conquer Atlans (6)"	0	0																								
0	15	2	1	1	186	186	1650	0	-1	-1	-1	-1	0	0	0	1	0	0	0	0	0	0	0	0	0	0	0	0
1	8	-1	-1	80	-1	-1	49	7	23	44	0	0	0	4	14	7	-1	-1	-1	-1	-1	-1	-1	-1	-1			
282	"Conquer Atlans (6)"	0	0																								
0	15	2	1	1	186	186	1650	0	-1	-1	-1	-1	0	0	0	0	0	0	1	0	0	0	0	0	0	0	0	0
1	8	-1	-1	80	-1	-1	49	7	23	44	0	0	0	5	16	8	-1	-1	-1	-1	-1	-1	-1	-1	-1			
283	"Conquer the Dungeon! (1)"	0	0																								
0	15	2	1	1	91	91	1650	0	-1	-1	-1	-1	0	0	0	0	0	0	0	0	0	0	1	0	0	0	0	0
1	8	-1	-1	80	-1	-1	2	1	109	235	0	0	0	10	176	8	-1	-1	-1	-1	-1	-1	-1	-1	-1			
284	"Conquer the Dungeon! (2)"	0	0																								
0	15	2	1	1	91	91	1650	0	-1	-1	-1	-1	0	0	0	0	0	0	0	0	0	0	1	0	0	0	0	0
1	8	-1	-1	80	-1	-1	2	1	109	235	0	0	0	11	176	8	-1	-1	-1	-1	-1	-1	-1	-1	-1			
285	"Conquer the Dungeon! (3)"	0	0																								
0	15	2	1	1	91	91	1650	0	-1	-1	-1	-1	0	0	0	0	0	0	0	0	0	0	1	0	0	0	0	0
1	8	-1	-1	80	-1	-1	2	1	109	235	0	0	0	7	176	8	-1	-1	-1	-1	-1	-1	-1	-1	-1			
286	"Conquer the Dungeon! (4)"	0	0																								
0	15	2	1	1	91	91	1650	0	-1	-1	-1	-1	0	0	0	0	0	0	0	0	0	0	1	0	0	0	0	0
1	8	-1	-1	80	-1	-1	2	1	109	235	0	0	0	9	176	8	-1	-1	-1	-1	-1	-1	-1	-1	-1			
287	"Conquer the Dungeon! (5)"	0	0																								
0	15	2	1	1	91	91	1650	0	-1	-1	-1	-1	0	0	0	0	0	0	0	0	0	0	1	0	0	0	0	0
1	8	-1	-1	80	-1	-1	2	1	109	235	0	0	0	8	176	8	-1	-1	-1	-1	-1	-1	-1	-1	-1			
288	"Conquer the Dungeon (6)"	0	0																								
0	15	2	1	1	91	91	1650	0	-1	-1	-1	-1	0	0	0	0	0	0	0	0	0	0	1	0	0	0	0	0
1	8	-1	-1	80	-1	-1	2	1	109	235	0	0	0	0	67	8	-1	-1	-1	-1	-1	-1	-1	-1	-1			
289	"Reconnaissance Party's Mission (1)"	0	0																								
0	15	2	1	1	161	161	1650	0	-1	-1	-1	-1	0	0	0	0	0	0	0	0	0	0	1	0	0	0	0	0
1	8	-1	-1	80	-1	-1	29	4	211	96	0	0	0	10	177	7	-1	-1	-1	-1	-1	-1	-1	-1	-1			
290	"Reconnaissance Party's Mission (2)"	0	0																								
0	15	2	1	1	161	161	1650	0	-1	-1	-1	-1	0	0	0	0	0	0	0	0	0	0	1	0	0	0	0	0
1	8	-1	-1	80	-1	-1	29	4	211	96	0	0	0	11	177	7	-1	-1	-1	-1	-1	-1	-1	-1	-1			
291	"Reconnaissance Party's Mission (3)"	0	0																								
0	15	2	1	1	161	161	1650	0	-1	-1	-1	-1	0	0	0	0	0	0	0	0	0	0	1	0	0	0	0	0
1	8	-1	-1	80	-1	-1	29	4	211	96	0	0	0	7	177	7	9	177	7	-1	-1	-1	-1	-1	-1			
292	"Reconnaissance Party's Mission (4)"	0	0																								
0	15	2	1	1	161	161	1650	0	-1	-1	-1	-1	0	0	0	0	0	0	0	0	0	0	1	0	0	0	0	0
1	8	-1	-1	80	-1	-1	29	4	211	96	0	0	0	8	177	7	2	6	4	-1	-1	-1	-1	-1	-1			
293	"Conquer Atlans! (1)"	0	0																								
0	15	2	1	1	186	186	1650	0	-1	-1	-1	-1	0	0	0	0	0	0	0	0	0	0	1	0	0	0	0	0
1	8	-1	-1	80	-1	-1	49	7	23	44	0	0	0	10	177	8	-1	-1	-1	-1	-1	-1	-1	-1	-1			
294	"Conquer Atlans! (2)"	0	0																								
0	15	2	1	1	186	186	1650	0	-1	-1	-1	-1	0	0	0	0	0	0	0	0	0	0	1	0	0	0	0	0
1	8	-1	-1	80	-1	-1	49	7	23	44	0	0	0	11	177	8	-1	-1	-1	-1	-1	-1	-1	-1	-1			
295	"Conquer Atlans! (3)"	0	0																								
0	15	2	1	1	186	186	1650	0	-1	-1	-1	-1	0	0	0	0	0	0	0	0	0	0	1	0	0	0	0	0
1	8	-1	-1	80	-1	-1	49	7	23	44	0	0	0	7	177	8	-1	-1	-1	-1	-1	-1	-1	-1	-1			
296	"Conquer Atlans! (4)"	0	0																								
0	15	2	1	1	186	186	1650	0	-1	-1	-1	-1	0	0	0	0	0	0	0	0	0	0	1	0	0	0	0	0
1	8	-1	-1	80	-1	-1	49	7	23	44	0	0	0	9	177	8	-1	-1	-1	-1	-1	-1	-1	-1	-1			
297	"Conquer Atlans! (5)"	0	0																								
0	15	2	1	1	186	186	1650	0	-1	-1	-1	-1	0	0	0	0	0	0	0	0	0	0	1	0	0	0	0	0
1	8	-1	-1	80	-1	-1	49	7	23	44	0	0	0	8	177	8	-1	-1	-1	-1	-1	-1	-1	-1	-1			
298	"Conquer Atlans! (6)"	0	0																								
0	15	2	1	1	186	186	1650	0	-1	-1	-1	-1	0	0	0	0	0	0	0	0	0	0	1	0	0	0	0	0
1	8	-1	-1	80	-1	-1	49	7	23	44	0	0	0	0	68	7	-1	-1	-1	-1	-1	-1	-1	-1	-1			
299	"Conquer the Dungeon! (1)"	0	0																								
0	15	2	1	1	91	91	1650	0	-1	-1	-1	-1	0	0	0	0	0	0	0	0	0	0	0	1	0	0	0	0
1	8	-1	-1	80	-1	-1	2	1	109	235	0	0	0	10	208	8	-1	-1	-1	-1	-1	-1	-1	-1	-1			
300	"Conquer the Dungeon! (2)"	0	0																								
0	15	2	1	1	91	91	1650	0	-1	-1	-1	-1	0	0	0	0	0	0	0	0	0	0	0	1	0	0	0	0
1	8	-1	-1	80	-1	-1	2	1	109	235	0	0	0	11	208	8	-1	-1	-1	-1	-1	-1	-1	-1	-1			
301	"Conquer the Dungeon! (3)"	0	0																								
0	15	2	1	1	91	91	1650	0	-1	-1	-1	-1	0	0	0	0	0	0	0	0	0	0	0	1	0	0	0	0
1	8	-1	-1	80	-1	-1	2	1	109	235	0	0	0	7	208	8	-1	-1	-1	-1	-1	-1	-1	-1	-1			
302	"Conquer the Dungeon! (4)"	0	0																								
0	15	2	1	1	91	91	1650	0	-1	-1	-1	-1	0	0	0	0	0	0	0	0	0	0	0	1	0	0	0	0
1	8	-1	-1	80	-1	-1	2	1	109	235	0	0	0	9	208	8	-1	-1	-1	-1	-1	-1	-1	-1	-1			
303	"Conquer the Dungeon! (5)"	0	0																								
0	15	2	1	1	91	91	1650	0	-1	-1	-1	-1	0	0	0	0	0	0	0	0	0	0	0	1	0	0	0	0
1	8	-1	-1	80	-1	-1	2	1	109	235	0	0	0	8	208	8	-1	-1	-1	-1	-1	-1	-1	-1	-1			
304	"Conquer the Dungeon (6)"	0	0																								
0	15	2	1	1	91	91	1650	0	-1	-1	-1	-1	0	0	0	0	0	0	0	0	0	0	0	1	0	0	0	0
1	8	-1	-1	80	-1	-1	2	1	109	235	0	0	0	4	42	8	-1	-1	-1	-1	-1	-1	-1	-1	-1			
305	"Reconnaissance Party's Mission (1)"	0	0																								
0	15	2	1	1	161	161	1650	0	-1	-1	-1	-1	0	0	0	0	0	0	0	0	0	0	0	1	0	0	0	0
1	8	-1	-1	80	-1	-1	29	4	211	96	0	0	0	10	209	7	-1	-1	-1	-1	-1	-1	-1	-1	-1			
306	"Reconnaissance Party's Mission (2)"	0	0																								
0	15	2	1	1	161	161	1650	0	-1	-1	-1	-1	0	0	0	0	0	0	0	0	0	0	0	1	0	0	0	0
1	8	-1	-1	80	-1	-1	29	4	211	96	0	0	0	11	209	7	-1	-1	-1	-1	-1	-1	-1	-1	-1			
307	"Reconnaissance Party's Mission (3)"	0	0																								
0	15	2	1	1	161	161	1650	0	-1	-1	-1	-1	0	0	0	0	0	0	0	0	0	0	0	1	0	0	0	0
1	8	-1	-1	80	-1	-1	29	4	211	96	0	0	0	7	209	7	9	209	7	-1	-1	-1	-1	-1	-1			
308	"Reconnaissance Party's Mission (4)"	0	0																								
0	15	2	1	1	161	161	1650	0	-1	-1	-1	-1	0	0	0	0	0	0	0	0	0	0	0	1	0	0	0	0
1	8	-1	-1	80	-1	-1	29	4	211	96	0	0	0	8	209	7	2	6	4	-1	-1	-1	-1	-1	-1			
309	"Conquer Atlans! (1)"	0	0																								
0	15	2	1	1	186	186	1650	0	-1	-1	-1	-1	0	0	0	0	0	0	0	0	0	0	0	1	0	0	0	0
1	8	-1	-1	80	-1	-1	49	7	23	44	0	0	0	10	209	8	-1	-1	-1	-1	-1	-1	-1	-1	-1			
310	"Conquer Atlans! (2)"	0	0																								
0	15	2	1	1	186	186	1650	0	-1	-1	-1	-1	0	0	0	0	0	0	0	0	0	0	0	1	0	0	0	0
1	8	-1	-1	80	-1	-1	49	7	23	44	0	0	0	11	209	8	-1	-1	-1	-1	-1	-1	-1	-1	-1			
311	"Conquer Atlans! (3)"	0	0																								
0	15	2	1	1	186	186	1650	0	-1	-1	-1	-1	0	0	0	0	0	0	0	0	0	0	0	1	0	0	0	0
1	8	-1	-1	80	-1	-1	49	7	23	44	0	0	0	7	209	8	-1	-1	-1	-1	-1	-1	-1	-1	-1			
312	"Conquer Atlans! (4)"	0	0																								
0	15	2	1	1	186	186	1650	0	-1	-1	-1	-1	0	0	0	0	0	0	0	0	0	0	0	1	0	0	0	0
1	8	-1	-1	80	-1	-1	49	7	23	44	0	0	0	9	209	8	-1	-1	-1	-1	-1	-1	-1	-1	-1			
313	"Conquer Atlans! (5)"	0	0																								
0	15	2	1	1	186	186	1650	0	-1	-1	-1	-1	0	0	0	0	0	0	0	0	0	0	0	1	0	0	0	0
1	8	-1	-1	80	-1	-1	49	7	23	44	0	0	0	8	209	8	-1	-1	-1	-1	-1	-1	-1	-1	-1			
314	"Conquer Atlans! (6)"	0	0																								
0	15	2	1	1	186	186	1650	0	-1	-1	-1	-1	0	0	0	0	0	0	0	0	0	0	0	1	0	0	0	0
1	8	-1	-1	80	-1	-1	49	7	23	44	0	0	0	4	43	7	-1	-1	-1	-1	-1	-1	-1	-1	-1			
315	"Conquer the Dungeon! (1)"	0	0																								
0	15	2	1	1	91	91	1650	0	-1	-1	-1	-1	0	0	0	0	0	0	0	0	0	0	0	0	1	0	0	0
1	8	-1	-1	80	-1	-1	2	1	109	235	0	0	0	10	237	8	-1	-1	-1	-1	-1	-1	-1	-1	-1			
316	"Conquer the Dungeon! (2)"	0	0																								
0	15	2	1	1	91	91	1650	0	-1	-1	-1	-1	0	0	0	0	0	0	0	0	0	0	0	0	1	0	0	0
1	8	-1	-1	80	-1	-1	2	1	109	235	0	0	0	11	237	8	-1	-1	-1	-1	-1	-1	-1	-1	-1			
317	"Conquer the Dungeon! (3)"	0	0																								
0	15	2	1	1	91	91	1650	0	-1	-1	-1	-1	0	0	0	0	0	0	0	0	0	0	0	0	1	0	0	0
1	8	-1	-1	80	-1	-1	2	1	109	235	0	0	0	7	237	8	-1	-1	-1	-1	-1	-1	-1	-1	-1			
318	"Conquer the Dungeon! (4)"	0	0																								
0	15	2	1	1	91	91	1650	0	-1	-1	-1	-1	0	0	0	0	0	0	0	0	0	0	0	0	1	0	0	0
1	8	-1	-1	80	-1	-1	2	1	109	235	0	0	0	9	237	8	-1	-1	-1	-1	-1	-1	-1	-1	-1			
319	"Conquer the Dungeon! (5)"	0	0																								
0	15	2	1	1	91	91	1650	0	-1	-1	-1	-1	0	0	0	0	0	0	0	0	0	0	0	0	1	0	0	0
1	8	-1	-1	80	-1	-1	2	1	109	235	0	0	0	8	237	8	-1	-1	-1	-1	-1	-1	-1	-1	-1			
320	"Conquer the Dungeon (6)"	0	0																								
0	15	2	1	1	91	91	1650	0	-1	-1	-1	-1	0	0	0	0	0	0	0	0	0	0	0	0	1	0	0	0
1	8	-1	-1	80	-1	-1	2	1	109	235	0	0	0	5	5	8	-1	-1	-1	-1	-1	-1	-1	-1	-1			
321	"Reconnaissance Party's Mission (1)"	0	0																								
0	15	2	1	1	161	161	1650	0	-1	-1	-1	-1	0	0	0	0	0	0	0	0	0	0	0	0	1	0	0	0
1	8	-1	-1	80	-1	-1	29	4	211	96	0	0	0	10	238	7	-1	-1	-1	-1	-1	-1	-1	-1	-1			
322	"Reconnaissance Party's Mission (2)"	0	0																								
0	15	2	1	1	161	161	1650	0	-1	-1	-1	-1	0	0	0	0	0	0	0	0	0	0	0	0	1	0	0	0
1	8	-1	-1	80	-1	-1	29	4	211	96	0	0	0	11	238	7	-1	-1	-1	-1	-1	-1	-1	-1	-1			
323	"Reconnaissance Party's Mission (3)"	0	0																								
0	15	2	1	1	161	161	1650	0	-1	-1	-1	-1	0	0	0	0	0	0	0	0	0	0	0	0	1	0	0	0
1	8	-1	-1	80	-1	-1	29	4	211	96	0	0	0	7	238	7	9	238	7	-1	-1	-1	-1	-1	-1			
324	"Reconnaissance Party's Mission (4)"	0	0																								
0	15	2	1	1	161	161	1650	0	-1	-1	-1	-1	0	0	0	0	0	0	0	0	0	0	0	0	1	0	0	0
1	8	-1	-1	80	-1	-1	29	4	211	96	0	0	0	8	238	7	2	6	4	-1	-1	-1	-1	-1	-1			
325	"Conquer Atlans! (1)"	0	0																								
0	15	2	1	1	186	186	1650	0	-1	-1	-1	-1	0	0	0	0	0	0	0	0	0	0	0	0	1	0	0	0
1	8	-1	-1	80	-1	-1	49	7	23	44	0	0	0	10	238	8	-1	-1	-1	-1	-1	-1	-1	-1	-1			
326	"Conquer Atlans! (2)"	0	0																								
0	15	2	1	1	186	186	1650	0	-1	-1	-1	-1	0	0	0	0	0	0	0	0	0	0	0	0	1	0	0	0
1	8	-1	-1	80	-1	-1	49	7	23	44	0	0	0	11	238	8	-1	-1	-1	-1	-1	-1	-1	-1	-1			
327	"Conquer Atlans! (3)"	0	0																								
0	15	2	1	1	186	186	1650	0	-1	-1	-1	-1	0	0	0	0	0	0	0	0	0	0	0	0	1	0	0	0
1	8	-1	-1	80	-1	-1	49	7	23	44	0	0	0	7	238	8	-1	-1	-1	-1	-1	-1	-1	-1	-1			
328	"Conquer Atlans! (4)"	0	0																								
0	15	2	1	1	186	186	1650	0	-1	-1	-1	-1	0	0	0	0	0	0	0	0	0	0	0	0	1	0	0	0
1	8	-1	-1	80	-1	-1	49	7	23	44	0	0	0	9	238	8	-1	-1	-1	-1	-1	-1	-1	-1	-1			
329	"Conquer Atlans! (5)"	0	0																								
0	15	2	1	1	186	186	1650	0	-1	-1	-1	-1	0	0	0	0	0	0	0	0	0	0	0	0	1	0	0	0
1	8	-1	-1	80	-1	-1	49	7	23	44	0	0	0	8	238	8	-1	-1	-1	-1	-1	-1	-1	-1	-1			
330	"Conquer Atlans! (6)"	0	0																								
0	15	2	1	1	186	186	1650	0	-1	-1	-1	-1	0	0	0	0	0	0	0	0	0	0	0	0	1	0	0	0
1	8	-1	-1	80	-1	-1	49	7	23	44	0	0	0	5	6	7	-1	-1	-1	-1	-1	-1	-1	-1	-1			
331	"Conquer the Dungeon! (1)"	0	0																								
0	15	2	1	1	91	91	1650	0	-1	-1	-1	-1	0	0	0	0	0	0	0	0	0	0	0	0	0	1	0	0
1	8	-1	-1	80	-1	-1	2	1	109	235	0	0	0	10	254	8	-1	-1	-1	-1	-1	-1	-1	-1	-1			
332	"Conquer the Dungeon! (2)"	0	0																								
0	15	2	1	1	91	91	1650	0	-1	-1	-1	-1	0	0	0	0	0	0	0	0	0	0	0	0	0	1	0	0
1	8	-1	-1	80	-1	-1	2	1	109	235	0	0	0	11	254	8	-1	-1	-1	-1	-1	-1	-1	-1	-1			
333	"Conquer the Dungeon! (3)"	0	0																								
0	15	2	1	1	91	91	1650	0	-1	-1	-1	-1	0	0	0	0	0	0	0	0	0	0	0	0	0	1	0	0
1	8	-1	-1	80	-1	-1	2	1	109	235	0	0	0	7	254	8	-1	-1	-1	-1	-1	-1	-1	-1	-1			
334	"Conquer the Dungeon! (4)"	0	0																								
0	15	2	1	1	91	91	1650	0	-1	-1	-1	-1	0	0	0	0	0	0	0	0	0	0	0	0	0	1	0	0
1	8	-1	-1	80	-1	-1	2	1	109	235	0	0	0	9	254	8	-1	-1	-1	-1	-1	-1	-1	-1	-1			
335	"Conquer the Dungeon! (5)"	0	0																								
0	15	2	1	1	91	91	1650	0	-1	-1	-1	-1	0	0	0	0	0	0	0	0	0	0	0	0	0	1	0	0
1	8	-1	-1	80	-1	-1	2	1	109	235	0	0	0	8	254	8	-1	-1	-1	-1	-1	-1	-1	-1	-1			
336	"Conquer the Dungeon (6)"	0	0																								
0	15	2	1	1	91	91	1650	0	-1	-1	-1	-1	0	0	0	0	0	0	0	0	0	0	0	0	0	1	0	0
1	8	-1	-1	80	-1	-1	2	1	109	235	0	0	0	5	82	8	-1	-1	-1	-1	-1	-1	-1	-1	-1			
337	"Reconnaissance Party's Mission (1)"	0	0																								
0	15	2	1	1	161	161	1650	0	-1	-1	-1	-1	0	0	0	0	0	0	0	0	0	0	0	0	0	1	0	0
1	8	-1	-1	80	-1	-1	29	4	211	96	0	0	0	10	256	7	-1	-1	-1	-1	-1	-1	-1	-1	-1			
338	"Reconnaissance Party's Mission (2)"	0	0																								
0	15	2	1	1	161	161	1650	0	-1	-1	-1	-1	0	0	0	0	0	0	0	0	0	0	0	0	0	1	0	0
1	8	-1	-1	80	-1	-1	29	4	211	96	0	0	0	11	256	7	-1	-1	-1	-1	-1	-1	-1	-1	-1			
339	"Reconnaissance Party's Mission (3)"	0	0																								
0	15	2	1	1	161	161	1650	0	-1	-1	-1	-1	0	0	0	0	0	0	0	0	0	0	0	0	0	1	0	0
1	8	-1	-1	80	-1	-1	29	4	211	96	0	0	0	7	256	7	9	256	7	-1	-1	-1	-1	-1	-1			
340	"Reconnaissance Party's Mission (4)"	0	0																								
0	15	2	1	1	161	161	1650	0	-1	-1	-1	-1	0	0	0	0	0	0	0	0	0	0	0	0	0	1	0	0
1	8	-1	-1	80	-1	-1	29	4	211	96	0	0	0	8	256	7	2	6	4	-1	-1	-1	-1	-1	-1			
341	"Conquer Atlans! (1)"	0	0																								
0	15	2	1	1	186	186	1650	0	-1	-1	-1	-1	0	0	0	0	0	0	0	0	0	0	0	0	0	1	0	0
1	8	-1	-1	80	-1	-1	49	7	23	44	0	0	0	10	256	8	-1	-1	-1	-1	-1	-1	-1	-1	-1			
342	"Conquer Atlans! (2)"	0	0																								
0	15	2	1	1	186	186	1650	0	-1	-1	-1	-1	0	0	0	0	0	0	0	0	0	0	0	0	0	1	0	0
1	8	-1	-1	80	-1	-1	49	7	23	44	0	0	0	11	256	8	-1	-1	-1	-1	-1	-1	-1	-1	-1			
343	"Conquer Atlans! (3)"	0	0																								
0	15	2	1	1	186	186	1650	0	-1	-1	-1	-1	0	0	0	0	0	0	0	0	0	0	0	0	0	1	0	0
1	8	-1	-1	80	-1	-1	49	7	23	44	0	0	0	7	256	8	-1	-1	-1	-1	-1	-1	-1	-1	-1			
344	"Conquer Atlans! (4)"	0	0																								
0	15	2	1	1	186	186	1650	0	-1	-1	-1	-1	0	0	0	0	0	0	0	0	0	0	0	0	0	1	0	0
1	8	-1	-1	80	-1	-1	49	7	23	44	0	0	0	9	256	8	-1	-1	-1	-1	-1	-1	-1	-1	-1			
345	"Conquer Atlans! (5)"	0	0																								
0	15	2	1	1	186	186	1650	0	-1	-1	-1	-1	0	0	0	0	0	0	0	0	0	0	0	0	0	1	0	0
1	8	-1	-1	80	-1	-1	49	7	23	44	0	0	0	8	256	8	-1	-1	-1	-1	-1	-1	-1	-1	-1			
346	"Conquer Atlans! (6)"	0	0																								
0	15	2	1	1	186	186	1650	0	-1	-1	-1	-1	0	0	0	0	0	0	0	0	0	0	0	0	0	1	0	0
1	8	-1	-1	80	-1	-1	49	7	23	44	0	0	0	5	83	7	-1	-1	-1	-1	-1	-1	-1	-1	-1			
347	"Conquer the Dungeon! (1)"	0	0																								
0	15	2	1	1	91	91	1650	0	-1	-1	-1	-1	0	0	0	0	0	0	0	0	0	1	0	0	0	0	0	0
1	8	-1	-1	80	-1	-1	2	1	109	235	0	0	0	10	118	8	-1	-1	-1	-1	-1	-1	-1	-1	-1			
348	"Conquer the Dungeon! (2)"	0	0																								
0	15	2	1	1	91	91	1650	0	-1	-1	-1	-1	0	0	0	0	0	0	0	0	0	1	0	0	0	0	0	0
1	8	-1	-1	80	-1	-1	2	1	109	235	0	0	0	11	118	8	-1	-1	-1	-1	-1	-1	-1	-1	-1			
349	"Conquer the Dungeon! (3)"	0	0																								
0	15	2	1	1	91	91	1650	0	-1	-1	-1	-1	0	0	0	0	0	0	0	0	0	1	0	0	0	0	0	0
1	8	-1	-1	80	-1	-1	2	1	109	235	0	0	0	7	118	8	-1	-1	-1	-1	-1	-1	-1	-1	-1			
350	"Conquer the Dungeon! (4)"	0	0																								
0	15	2	1	1	91	91	1650	0	-1	-1	-1	-1	0	0	0	0	0	0	0	0	0	1	0	0	0	0	0	0
1	8	-1	-1	80	-1	-1	2	1	109	235	0	0	0	9	118	8	-1	-1	-1	-1	-1	-1	-1	-1	-1			
351	"Conquer the Dungeon! (5)"	0	0																								
0	15	2	1	1	91	91	1650	0	-1	-1	-1	-1	0	0	0	0	0	0	0	0	0	1	0	0	0	0	0	0
1	8	-1	-1	80	-1	-1	2	1	109	235	0	0	0	8	118	8	-1	-1	-1	-1	-1	-1	-1	-1	-1			
352	"Conquer the Dungeon (6)"	0	0																								
0	15	2	1	1	91	91	1650	0	-1	-1	-1	-1	0	0	0	0	0	0	0	0	0	1	0	0	0	0	0	0
1	8	-1	-1	80	-1	-1	2	1	109	235	0	0	0	2	28	8	-1	-1	-1	-1	-1	-1	-1	-1	-1			
353	"Reconnaissance Party's Mission (1)"	0	0																								
0	15	2	1	1	161	161	1650	0	-1	-1	-1	-1	0	0	0	0	0	0	0	0	0	1	0	0	0	0	0	0
1	8	-1	-1	80	-1	-1	29	4	211	96	0	0	0	10	119	7	-1	-1	-1	-1	-1	-1	-1	-1	-1			
354	"Reconnaissance Party's Mission (2)"	0	0																								
0	15	2	1	1	161	161	1650	0	-1	-1	-1	-1	0	0	0	0	0	0	0	0	0	1	0	0	0	0	0	0
1	8	-1	-1	80	-1	-1	29	4	211	96	0	0	0	11	119	7	-1	-1	-1	-1	-1	-1	-1	-1	-1			
355	"Reconnaissance Party's Mission (3)"	0	0																								
0	15	2	1	1	161	161	1650	0	-1	-1	-1	-1	0	0	0	0	0	0	0	0	0	1	0	0	0	0	0	0
1	8	-1	-1	80	-1	-1	29	4	211	96	0	0	0	7	119	7	9	119	7	-1	-1	-1	-1	-1	-1			
356	"Reconnaissance Party's Mission (4)"	0	0																								
0	15	2	1	1	161	161	1650	0	-1	-1	-1	-1	0	0	0	0	0	0	0	0	0	1	0	0	0	0	0	0
1	8	-1	-1	80	-1	-1	29	4	211	96	0	0	0	8	119	7	2	6	4	-1	-1	-1	-1	-1	-1			
357	"Conquer Atlans! (1)"	0	0																								
0	15	2	1	1	186	186	1650	0	-1	-1	-1	-1	0	0	0	0	0	0	0	0	0	1	0	0	0	0	0	0
1	8	-1	-1	80	-1	-1	49	7	23	44	0	0	0	10	119	8	-1	-1	-1	-1	-1	-1	-1	-1	-1			
358	"Conquer Atlans! (2)"	0	0																								
0	15	2	1	1	186	186	1650	0	-1	-1	-1	-1	0	0	0	0	0	0	0	0	0	1	0	0	0	0	0	0
1	8	-1	-1	80	-1	-1	49	7	23	44	0	0	0	11	119	8	-1	-1	-1	-1	-1	-1	-1	-1	-1			
359	"Conquer Atlans! (3)"	0	0																								
0	15	2	1	1	186	186	1650	0	-1	-1	-1	-1	0	0	0	0	0	0	0	0	0	1	0	0	0	0	0	0
1	8	-1	-1	80	-1	-1	49	7	23	44	0	0	0	7	119	8	-1	-1	-1	-1	-1	-1	-1	-1	-1			
360	"Conquer Atlans! (4)"	0	0																								
0	15	2	1	1	186	186	1650	0	-1	-1	-1	-1	0	0	0	0	0	0	0	0	0	1	0	0	0	0	0	0
1	8	-1	-1	80	-1	-1	49	7	23	44	0	0	0	9	119	8	-1	-1	-1	-1	-1	-1	-1	-1	-1			
361	"Conquer Atlans! (5)"	0	0																								
0	15	2	1	1	186	186	1650	0	-1	-1	-1	-1	0	0	0	0	0	0	0	0	0	1	0	0	0	0	0	0
1	8	-1	-1	80	-1	-1	49	7	23	44	0	0	0	8	119	8	-1	-1	-1	-1	-1	-1	-1	-1	-1			
362	"Conquer Atlans! (6)"	0	0																								
0	15	2	1	1	186	186	1650	0	-1	-1	-1	-1	0	0	0	0	0	0	0	0	0	1	0	0	0	0	0	0
1	8	-1	-1	80	-1	-1	49	7	23	44	0	0	0	2	29	7	-1	-1	-1	-1	-1	-1	-1	-1	-1			
363	"Conquer the Dungeon! (1)"	0	0																								
0	15	2	1	1	91	91	1650	0	-1	-1	-1	-1	0	0	0	0	0	0	0	0	0	0	0	0	0	0	1	0
1	8	-1	-1	80	-1	-1	2	1	109	235	0	0	0	10	302	8	-1	-1	-1	-1	-1	-1	-1	-1	-1			
364	"Conquer the Dungeon! (2)"	0	0																								
0	15	2	1	1	91	91	1650	0	-1	-1	-1	-1	0	0	0	0	0	0	0	0	0	0	0	0	0	0	1	0
1	8	-1	-1	80	-1	-1	2	1	109	235	0	0	0	11	302	8	-1	-1	-1	-1	-1	-1	-1	-1	-1			
365	"Conquer the Dungeon! (3)"	0	0																								
0	15	2	1	1	91	91	1650	0	-1	-1	-1	-1	0	0	0	0	0	0	0	0	0	0	0	0	0	0	1	0
1	8	-1	-1	80	-1	-1	2	1	109	235	0	0	0	7	302	8	-1	-1	-1	-1	-1	-1	-1	-1	-1			
366	"Conquer the Dungeon! (4)"	0	0																								
0	15	2	1	1	91	91	1650	0	-1	-1	-1	-1	0	0	0	0	0	0	0	0	0	0	0	0	0	0	1	0
1	8	-1	-1	80	-1	-1	2	1	109	235	0	0	0	9	302	8	-1	-1	-1	-1	-1	-1	-1	-1	-1			
367	"Conquer the Dungeon! (5)"	0	0																								
0	15	2	1	1	91	91	1650	0	-1	-1	-1	-1	0	0	0	0	0	0	0	0	0	0	0	0	0	0	1	0
1	8	-1	-1	80	-1	-1	2	1	109	235	0	0	0	8	302	8	-1	-1	-1	-1	-1	-1	-1	-1	-1			
368	"Conquer the Dungeon (6)"	0	0																								
0	15	2	1	1	91	91	1650	0	-1	-1	-1	-1	0	0	0	0	0	0	0	0	0	0	0	0	0	0	1	0
1	8	-1	-1	80	-1	-1	2	1	109	235	0	0	0	0	101	8	-1	-1	-1	-1	-1	-1	-1	-1	-1			
369	"Reconnaissance Party's Mission (1)"	0	0																								
0	15	2	1	1	161	161	1650	0	-1	-1	-1	-1	0	0	0	0	0	0	0	0	0	0	0	0	0	0	1	0
1	8	-1	-1	80	-1	-1	29	4	211	96	0	0	0	10	303	7	-1	-1	-1	-1	-1	-1	-1	-1	-1			
370	"Reconnaissance Party's Mission (2)"	0	0																								
0	15	2	1	1	161	161	1650	0	-1	-1	-1	-1	0	0	0	0	0	0	0	0	0	0	0	0	0	0	1	0
1	8	-1	-1	80	-1	-1	29	4	211	96	0	0	0	11	303	7	-1	-1	-1	-1	-1	-1	-1	-1	-1			
371	"Reconnaissance Party's Mission (3)"	0	0																								
0	15	2	1	1	161	161	1650	0	-1	-1	-1	-1	0	0	0	0	0	0	0	0	0	0	0	0	0	0	1	0
1	8	-1	-1	80	-1	-1	29	4	211	96	0	0	0	7	303	7	9	303	7	-1	-1	-1	-1	-1	-1			
372	"Reconnaissance Party's Mission (4)"	0	0																								
0	15	2	1	1	161	161	1650	0	-1	-1	-1	-1	0	0	0	0	0	0	0	0	0	0	0	0	0	0	1	0
1	8	-1	-1	80	-1	-1	29	4	211	96	0	0	0	8	303	7	2	6	4	-1	-1	-1	-1	-1	-1			
373	"Conquer Atlans! (1)"	0	0																								
0	15	2	1	1	186	186	1650	0	-1	-1	-1	-1	0	0	0	0	0	0	0	0	0	0	0	0	0	0	1	0
1	8	-1	-1	80	-1	-1	49	7	23	44	0	0	0	10	303	8	-1	-1	-1	-1	-1	-1	-1	-1	-1			
374	"Conquer Atlans! (2)"	0	0																								
0	15	2	1	1	186	186	1650	0	-1	-1	-1	-1	0	0	0	0	0	0	0	0	0	0	0	0	0	0	1	0
1	8	-1	-1	80	-1	-1	49	7	23	44	0	0	0	11	303	8	-1	-1	-1	-1	-1	-1	-1	-1	-1			
375	"Conquer Atlans! (3)"	0	0																								
0	15	2	1	1	186	186	1650	0	-1	-1	-1	-1	0	0	0	0	0	0	0	0	0	0	0	0	0	0	1	0
1	8	-1	-1	80	-1	-1	49	7	23	44	0	0	0	7	303	8	-1	-1	-1	-1	-1	-1	-1	-1	-1			
376	"Conquer Atlans! (4)"	0	0																								
0	15	2	1	1	186	186	1650	0	-1	-1	-1	-1	0	0	0	0	0	0	0	0	0	0	0	0	0	0	1	0
1	8	-1	-1	80	-1	-1	49	7	23	44	0	0	0	9	303	8	-1	-1	-1	-1	-1	-1	-1	-1	-1			
377	"Conquer Atlans! (5)"	0	0																								
0	15	2	1	1	186	186	1650	0	-1	-1	-1	-1	0	0	0	0	0	0	0	0	0	0	0	0	0	0	1	0
1	8	-1	-1	80	-1	-1	49	7	23	44	0	0	0	8	303	8	-1	-1	-1	-1	-1	-1	-1	-1	-1			
378	"Conquer Atlans! (6)"	0	0																								
0	15	2	1	1	186	186	1650	0	-1	-1	-1	-1	0	0	0	0	0	0	0	0	0	0	0	0	0	0	1	0
1	8	-1	-1	80	-1	-1	49	7	23	44	0	0	0	0	102	7	-1	-1	-1	-1	-1	-1	-1	-1	-1			
400	"Request from Gens Duprian"	0	0																								
0	16	2	1	1	150	150	1650	0	-1	-1	-1	1	0	1	1	1	1	1	1	1	1	1	1	1	1	1	1	1
1	5	-1	-1	-1	-1	-1	17	0	145	128	85	100	0	-1	-1	-1	-1	-1	-1	-1	-1	-1	-1	-1	-1			
401	"Rage of Vepar"	2	0																								
0	16	2	1	2	543	150	219	-1	-1	-1	-1	1	0	1	1	1	1	1	1	1	1	1	1	1	1	1	1	1
1	2	46	-1	50	-1	-1	49	7	33	70	100000	0	5	14	35	3	-1	-1	-1	-1	-1	-1	-1	-1	-1			
402	"Eliminate Plunderer Silver Valkyrie"	2	0																								
0	17	2	1	2	543	150	219	-1	-1	-1	-1	1	0	1	1	1	1	1	1	1	1	1	1	1	1	1	1	1
1	2	52	-1	50	-1	-1	75	7	78	145	150000	0	5	14	35	3	-1	-1	-1	-1	-1	-1	-1	-1	-1			
403	"End the Spread of Death Trees"	2	0																								
0	16	2	1	2	543	220	249	-1	-1	-1	-1	1	0	1	1	1	1	1	1	1	1	1	1	1	1	1	1	1
1	2	308	-1	50	-1	-1	119	33	140	21	200000	0	5	14	35	3	-1	-1	-1	-1	-1	-1	-1	-1	-1			
404	"Rebel of the Forest"	2	0																								
0	17	2	1	2	543	220	249	-1	-1	-1	-1	1	0	1	1	1	1	1	1	1	1	1	1	1	1	1	1	1
1	2	306	-1	50	-1	-1	119	33	212	60	250000	0	5	14	35	3	-1	-1	-1	-1	-1	-1	-1	-1	-1			
405	"Eliminate Splinter Wolves"	2	0																								
0	16	2	1	2	543	250	299	-1	-1	-1	-1	1	0	1	1	1	1	1	1	1	1	1	1	1	1	1	1	1
1	2	351	-1	50	-1	-1	138	37	51	231	300000	0	5	14	36	3	-1	-1	-1	-1	-1	-1	-1	-1	-1			
406	"Wipe Out the Elusive Iron Riders"	2	0																								
0	17	2	1	2	543	250	299	-1	-1	-1	-1	1	0	1	1	1	1	1	1	1	1	1	1	1	1	1	1	1
1	2	352	-1	50	-1	-1	138	37	197	194	350000	0	5	14	36	3	-1	-1	-1	-1	-1	-1	-1	-1	-1			
407	"Eliminate Blood Assassins"	0	0																								
0	16	2	1	2	543	300	379	-1	-1	-1	-1	1	0	1	1	1	1	1	1	1	1	1	1	1	1	1	1	1
1	2	486	-1	50	-1	-1	294	63	174	193	400000	0	5	14	37	3	-1	-1	-1	-1	-1	-1	-1	-1	-1			
408	"Attack of Burning Lava Giant"	0	0																								
0	17	2	1	2	543	300	379	-1	-1	-1	-1	1	0	1	1	1	1	1	1	1	1	1	1	1	1	1	1	1
1	2	489	-1	50	-1	-1	294	63	156	87	450000	0	5	14	37	3	-1	-1	-1	-1	-1	-1	-1	-1	-1			
409	"Eliminate Sapi-Duos"	2	0																								
0	16	2	1	2	543	400	1650	-1	-1	-1	-1	1	0	1	1	1	1	1	1	1	1	1	1	1	1	1	1	1
1	2	442	-1	50	-1	-1	275	56	220	217	450000	0	5	14	37	3	-1	-1	-1	-1	-1	-1	-1	-1	-1			
410	"Moving in the Dark"	2	0																								
0	17	2	1	2	543	400	1650	-1	-1	-1	-1	1	0	1	1	1	1	1	1	1	1	1	1	1	1	1	1	1
1	2	448	-1	50	-1	-1	278	56	231	82	500000	0	5	14	37	3	-1	-1	-1	-1	-1	-1	-1	-1	-1			
411	"Request from Gens Vanert"	0	0																								
0	16	2	1	1	150	150	1650	0	-1	-1	-1	2	0	1	1	1	1	1	1	1	1	1	1	1	1	1	1	1
1	5	-1	-1	-1	-1	-1	27	3	168	100	85	100	0	-1	-1	-1	-1	-1	-1	-1	-1	-1	-1	-1	-1			
412	"Rampage of Vepar"	2	0																								
0	16	2	1	2	544	150	219	-1	-1	-1	-1	2	0	1	1	1	1	1	1	1	1	1	1	1	1	1	1	1
1	2	46	-1	50	-1	-1	49	7	33	70	100000	0	5	14	35	3	-1	-1	-1	-1	-1	-1	-1	-1	-1			
413	"Eliminate Plunderer Silver Valkyrie"	2	0																								
0	17	2	1	2	544	150	219	-1	-1	-1	-1	2	0	1	1	1	1	1	1	1	1	1	1	1	1	1	1	1
1	2	52	-1	50	-1	-1	75	7	78	145	150000	0	5	14	35	3	-1	-1	-1	-1	-1	-1	-1	-1	-1			
414	"End the Spread of Death Trees"	2	0																								
0	16	2	1	2	544	220	249	-1	-1	-1	-1	2	0	1	1	1	1	1	1	1	1	1	1	1	1	1	1	1
1	2	308	-1	50	-1	-1	119	33	140	21	200000	0	5	14	35	3	-1	-1	-1	-1	-1	-1	-1	-1	-1			
415	"Rebel of the Forest"	2	0																								
0	17	2	1	2	544	220	249	-1	-1	-1	-1	2	0	1	1	1	1	1	1	1	1	1	1	1	1	1	1	1
1	2	306	-1	50	-1	-1	119	33	212	60	250000	0	5	14	35	3	-1	-1	-1	-1	-1	-1	-1	-1	-1			
416	"Eliminate Splinter Wolves"	2	0																								
0	16	2	1	2	544	250	299	-1	-1	-1	-1	2	0	1	1	1	1	1	1	1	1	1	1	1	1	1	1	1
1	2	351	-1	50	-1	-1	138	37	51	231	300000	0	5	14	36	3	-1	-1	-1	-1	-1	-1	-1	-1	-1			
417	"Wipe Out the Elusive Iron Riders"	2	0																								
0	17	2	1	2	544	250	299	-1	-1	-1	-1	2	0	1	1	1	1	1	1	1	1	1	1	1	1	1	1	1
1	2	352	-1	50	-1	-1	138	37	197	194	350000	0	5	14	36	3	-1	-1	-1	-1	-1	-1	-1	-1	-1			
418	"Eliminate Blood Assassins"	0	0																								
0	16	2	1	2	544	300	379	-1	-1	-1	-1	2	0	1	1	1	1	1	1	1	1	1	1	1	1	1	1	1
1	2	486	-1	50	-1	-1	294	63	174	193	400000	0	5	14	37	3	-1	-1	-1	-1	-1	-1	-1	-1	-1			
419	"Attack of Burning Lava Giant"	0	0																								
0	17	2	1	2	544	300	379	-1	-1	-1	-1	2	0	1	1	1	1	1	1	1	1	1	1	1	1	1	1	1
1	2	489	-1	50	-1	-1	294	63	156	87	450000	0	5	14	37	3	-1	-1	-1	-1	-1	-1	-1	-1	-1			
420	"Eliminate Sapi-Duos"	2	0																								
0	16	2	1	2	544	400	1650	-1	-1	-1	-1	2	0	1	1	1	1	1	1	1	1	1	1	1	1	1	1	1
1	2	442	-1	50	-1	-1	278	56	220	217	450000	0	5	14	37	3	-1	-1	-1	-1	-1	-1	-1	-1	-1			
421	"Moving in the Dark"	2	0																								
0	17	2	1	2	544	400	1650	-1	-1	-1	-1	2	0	1	1	1	1	1	1	1	1	1	1	1	1	1	1	1
1	2	448	-1	50	-1	-1	278	56	231	82	500000	0	5	14	37	3	-1	-1	-1	-1	-1	-1	-1	-1	-1			
422	"Heroic Qualities (first)"	0	0																								
0	6	2	1	2	257	400	799	0	-1	-1	-1	-1	0	1	1	1	1	1	1	1	1	1	1	1	1	1	1	1
1	16	-1	-1	5	-1	-1	17	0	167	129	0	0	0	-1	-1	-1	-1	-1	-1	-1	-1	-1	-1	-1	-1			
423	"Heroic Qualities (second)"	0	0																								
0	6	2	1	2	257	400	799	0	-1	-1	-1	-1	0	1	1	1	1	1	1	1	1	1	1	1	1	1	1	1
1	12	-1	-1	1	-1	-1	17	0	167	129	0	0	0	-1	-1	-1	-1	-1	-1	-1	-1	-1	-1	-1	-1			
424	"Heroic Qualities (last)"	0	0																								
0	6	2	1	2	257	400	799	-1	422	-1	-1	-1	0	1	1	1	1	1	1	1	1	1	1	1	1	1	1	1
1	14	-1	-1	1	-1	-1	17	0	167	129	0	0	0	12	15	1	-1	-1	-1	-1	-1	-1	-1	-1	-1			
425	"Heroic Courage (first)"	0	0																								
0	6	2	1	2	257	800	899	0	-1	-1	-1	-1	0	1	1	1	1	1	1	1	1	1	1	1	1	1	1	1
1	16	-1	-1	10	-1	-1	17	0	167	129	0	0	0	-1	-1	-1	-1	-1	-1	-1	-1	-1	-1	-1	-1			
426	"Heroic Courage (second)"	0	0																								
0	6	2	1	2	257	800	899	0	-1	-1	-1	-1	0	1	1	1	1	1	1	1	1	1	1	1	1	1	1	1
1	12	-1	-1	1	-1	-1	17	0	167	129	0	0	0	-1	-1	-1	-1	-1	-1	-1	-1	-1	-1	-1	-1			
427	"Heroic Courage (last)"	0	0																								
0	6	2	1	2	257	800	899	-1	425	-1	-1	-1	0	1	1	1	1	1	1	1	1	1	1	1	1	1	1	1
1	14	-1	-1	1	-1	-1	17	0	167	129	0	0	0	12	15	1	14	42	1	-1	-1	-1	-1	-1	-1			
428	"Heroic Fighting Spirit (first)"	0	0																								
0	6	2	1	2	257	900	1099	0	-1	-1	-1	-1	0	1	1	1	1	1	1	1	1	1	1	1	1	1	1	1
1	16	-1	-1	20	-1	-1	17	0	167	129	0	0	0	-1	-1	-1	-1	-1	-1	-1	-1	-1	-1	-1	-1			
429	"Heroic Fighting Spirit (second)"	0	0																								
0	6	2	1	2	257	900	1099	0	-1	-1	-1	-1	0	1	1	1	1	1	1	1	1	1	1	1	1	1	1	1
1	12	-1	-1	1	-1	-1	17	0	167	129	0	0	0	-1	-1	-1	-1	-1	-1	-1	-1	-1	-1	-1	-1			
430	"Heroic Fighting Spirit (last)"	0	0																								
0	6	2	1	2	257	900	1099	-1	428	-1	-1	-1	0	1	1	1	1	1	1	1	1	1	1	1	1	1	1	1
1	14	-1	-1	1	-1	-1	17	0	167	129	0	0	0	12	15	1	14	16	1	-1	-1	-1	-1	-1	-1			
431	"Heroic Mentality (first)"	0	0																								
0	6	2	1	2	257	1100	1299	0	-1	-1	-1	-1	0	1	1	1	1	1	1	1	1	1	1	1	1	1	1	1
1	16	-1	-1	30	-1	-1	17	0	167	129	0	0	0	-1	-1	-1	-1	-1	-1	-1	-1	-1	-1	-1	-1			
432	"Heroic Mentality (second)"	0	0																								
0	6	2	1	2	257	1100	1299	0	-1	-1	-1	-1	0	1	1	1	1	1	1	1	1	1	1	1	1	1	1	1
1	12	-1	-1	1	-1	-1	17	0	167	129	0	0	0	-1	-1	-1	-1	-1	-1	-1	-1	-1	-1	-1	-1			
433	"Heroic Mentality (last)"	0	0																								
0	6	2	1	2	257	1100	1299	6	431	-1	-1	-1	0	1	1	1	1	1	1	1	1	1	1	1	1	1	1	1
1	14	-1	-1	1	-1	-1	17	0	167	129	0	0	0	14	14	1	12	15	1	14	42	1	1	-1	-1			
434	"Heroic Tenacity (first)"	0	0																								
0	6	2	1	2	257	1300	1499	0	-1	-1	-1	-1	0	1	1	1	1	1	1	1	1	1	1	1	1	1	1	1
1	10	-1	-1	1	-1	-1	17	0	167	129	0	0	0	-1	-1	-1	-1	-1	-1	-1	-1	-1	-1	-1	-1			
435	"Heroic Tenacity (second)"	0	0																								
0	6	2	1	2	257	1300	1499	0	-1	-1	-1	-1	0	1	1	1	1	1	1	1	1	1	1	1	1	1	1	1
1	12	-1	-1	1	-1	-1	17	0	167	129	0	0	0	-1	-1	-1	-1	-1	-1	-1	-1	-1	-1	-1	-1			
436	"Heroic Tenacity (last)"	0	0																								
0	6	2	1	2	257	1300	1499	6	434	-1	-1	-1	0	1	1	1	1	1	1	1	1	1	1	1	1	1	1	1
1	14	-1	-1	1	-1	-1	17	0	167	129	0	0	0	14	14	2	14	16	1	14	42	1	1	-1	-1			
437	"Final Test to become a Hero (first)"	0	0																								
0	6	2	1	2	257	1500	1650	0	-1	-1	-1	-1	0	1	1	1	1	1	1	1	1	1	1	1	1	1	1	1
1	10	-1	-1	1	-1	-1	17	0	167	129	0	0	0	-1	-1	-1	-1	-1	-1	-1	-1	-1	-1	-1	-1			
438	"Final Test to become a Hero (second)"	0	0																								
0	6	2	1	2	257	1500	1650	0	-1	-1	-1	-1	0	1	1	1	1	1	1	1	1	1	1	1	1	1	1	1
1	12	-1	-1	1	-1	-1	17	0	167	129	0	0	0	-1	-1	-1	-1	-1	-1	-1	-1	-1	-1	-1	-1			
439	"Final Test to become a Hero (last)"	0	0																								
0	6	2	1	2	257	1500	1650	6	437	-1	-1	-1	0	1	1	1	1	1	1	1	1	1	1	1	1	1	1	1
1	14	-1	-1	1	-1	-1	17	0	167	129	0	0	0	14	13	1	-1	-1	-1	-1	-1	-1	-1	-1	-1			
440	"Spider Hunt!"	0	0																								
0	18	2	1	2	257	1	14	-1	-1	-1	-1	-1	0	1	1	0	1	1	0	1	1	0	1	0	1	1	1	0
1	2	3	-1	10	-1	-1	17	0	193	126	2000	2000	0	-1	-1	-1	-1	-1	-1	-1	-1	-1	-1	-1	-1			
441	"Spider Hunt!"	0	0																								
0	18	2	1	2	257	1	14	-1	-1	-1	-1	-1	0	0	0	1	0	0	0	0	0	1	0	0	0	0	0	0
1	2	3	-1	10	-1	-1	27	3	164	80	2000	2000	0	-1	-1	-1	-1	-1	-1	-1	-1	-1	-1	-1	-1			
442	"Spider Hunt!"	0	0																								
0	18	2	1	2	257	1	14	-1	-1	-1	-1	-1	0	0	0	0	0	0	1	0	0	0	0	1	0	0	0	1
1	2	3	-1	10	-1	-1	267	51	118	222	2000	2000	0	-1	-1	-1	-1	-1	-1	-1	-1	-1	-1	-1	-1			
443	"Dispose of the Town Plunderers!"	0	0																								
0	18	2	1	2	257	15	25	-1	-1	-1	-1	-1	0	0	1	0	1	1	0	1	1	0	1	0	1	1	1	0
1	2	7	-1	15	-1	-1	17	0	42	52	6000	6000	0	-1	-1	-1	-1	-1	-1	-1	-1	-1	-1	-1	-1			
444	"Dispose of the Town Plunderers!"	0	0																								
0	18	2	1	2	257	15	25	-1	-1	-1	-1	-1	0	1	0	0	0	0	0	0	0	0	0	0	0	0	0	0
1	2	6	-1	15	-1	-1	17	0	166	225	6000	6000	0	-1	-1	-1	-1	-1	-1	-1	-1	-1	-1	-1	-1			
445	"Dispose of the Town Plunderers!"	0	0																								
0	18	2	1	2	257	15	25	-1	-1	-1	-1	-1	0	0	0	1	0	0	0	0	0	1	0	0	0	0	0	0
1	2	31	-1	15	-1	-1	27	3	229	224	6000	6000	0	-1	-1	-1	-1	-1	-1	-1	-1	-1	-1	-1	-1			
446	"Dispose of the Town Plunderers!"	0	0																								
0	18	2	1	2	257	15	25	-1	-1	-1	-1	-1	0	0	0	0	0	0	1	0	0	0	0	1	0	0	0	1
1	2	421	-1	15	-1	-1	267	51	132	212	6000	6000	0	-1	-1	-1	-1	-1	-1	-1	-1	-1	-1	-1	-1			
447	"Dispose of the Plunderers' Leader!"	0	0																								
0	18	2	1	2	257	26	35	-1	-1	-1	-1	-1	0	0	1	0	1	1	0	1	1	0	1	0	1	1	1	0
1	2	14	-1	20	-1	-1	17	0	118	207	10000	10000	0	-1	-1	-1	-1	-1	-1	-1	-1	-1	-1	-1	-1			
448	"Dispose of the Plunderers' Leader!"	0	0																								
0	18	2	1	2	257	26	35	-1	-1	-1	-1	-1	0	1	0	0	0	0	0	0	0	0	0	0	0	0	0	0
1	2	7	-1	20	-1	-1	17	0	42	52	10000	10000	0	-1	-1	-1	-1	-1	-1	-1	-1	-1	-1	-1	-1			
449	"Dispose of the Plunderers' Leader!"	0	0																								
0	18	2	1	2	257	26	35	-1	-1	-1	-1	-1	0	0	0	1	0	0	0	0	0	1	0	0	0	0	0	0
1	2	32	-1	20	-1	-1	27	3	89	196	10000	10000	0	-1	-1	-1	-1	-1	-1	-1	-1	-1	-1	-1	-1			
450	"Dispose of the Plunderers' Leader!"	0	0																								
0	18	2	1	2	257	26	35	-1	-1	-1	-1	-1	0	0	0	0	0	0	1	0	0	0	0	1	0	0	0	1
1	2	419	-1	20	-1	-1	267	51	142	144	10000	10000	0	-1	-1	-1	-1	-1	-1	-1	-1	-1	-1	-1	-1			
451	"Monster Supply Route in Devias!"	0	0																								
0	18	2	1	2	257	36	45	-1	-1	-1	-1	-1	0	0	1	1	1	1	0	1	1	0	1	0	0	0	0	0
1	2	22	-1	25	-1	-1	22	2	166	116	14000	14000	0	-1	-1	-1	-1	-1	-1	-1	-1	-1	-1	-1	-1			
452	"Monster Supply Route in Devias!"	0	0																								
0	18	2	1	2	257	36	45	-1	-1	-1	-1	-1	0	1	0	0	0	0	1	0	0	1	0	1	1	1	1	1
1	2	24	-1	25	-1	-1	22	2	217	87	14000	14000	0	-1	-1	-1	-1	-1	-1	-1	-1	-1	-1	-1	-1			
453	"Attack on the Supply Corps!"	0	0																								
0	18	2	1	2	257	46	55	-1	-1	-1	-1	-1	0	0	1	1	1	1	0	1	1	0	1	0	0	0	0	0
1	2	21	-1	30	-1	-1	22	2	122	27	21000	21000	0	-1	-1	-1	-1	-1	-1	-1	-1	-1	-1	-1	-1			
454	"Attack on the Supply Corps!"	0	0																								
0	18	2	1	2	257	46	55	-1	-1	-1	-1	-1	0	1	0	0	0	0	1	0	0	1	0	1	1	1	1	1
1	2	22	-1	30	-1	-1	22	2	166	116	21000	21000	0	-1	-1	-1	-1	-1	-1	-1	-1	-1	-1	-1	-1			
455	"Inland Supply Corps!"	0	0																								
0	18	2	1	2	257	56	65	-1	-1	-1	-1	-1	0	0	1	1	1	1	0	1	1	0	1	0	0	0	0	0
1	2	19	-1	30	-1	-1	72	2	114	71	28000	28000	0	-1	-1	-1	-1	-1	-1	-1	-1	-1	-1	-1	-1			
456	"Inland Supply Corps!"	0	0																								
0	18	2	1	2	257	56	65	-1	-1	-1	-1	-1	0	1	0	0	0	0	1	0	0	1	0	1	1	1	1	1
1	2	23	-1	30	-1	-1	22	2	208	118	28000	28000	0	-1	-1	-1	-1	-1	-1	-1	-1	-1	-1	-1	-1			
457	"Dungeon Sweep!"	0	0																								
0	18	2	1	2	257	66	79	-1	-1	-1	-1	-1	0	0	1	1	1	1	0	1	1	0	1	0	0	0	0	0
1	2	17	-1	40	-1	-1	2	1	51	233	36000	36000	0	-1	-1	-1	-1	-1	-1	-1	-1	-1	-1	-1	-1			
458	"Dungeon Sweep!"	0	0																								
0	18	2	1	2	257	66	79	-1	-1	-1	-1	-1	0	1	0	0	0	0	1	0	0	1	0	1	1	1	1	1
1	2	12	-1	40	-1	-1	2	1	84	190	36000	36000	0	-1	-1	-1	-1	-1	-1	-1	-1	-1	-1	-1	-1			
459	"Request of Elveland's Elder!"	0	0																								
0	18	2	1	2	257	80	90	-1	-1	-1	-1	-1	0	0	1	1	1	1	0	1	1	0	1	0	0	0	0	0
1	2	423	-1	50	-1	-1	269	51	192	149	38000	38000	0	-1	-1	-1	-1	-1	-1	-1	-1	-1	-1	-1	-1			
460	"Request of Elveland's Elder!"	0	0																								
0	18	2	1	2	257	80	90	-1	-1	-1	-1	-1	0	1	0	0	0	0	1	0	0	1	0	1	1	1	1	1
1	2	422	-1	50	-1	-1	268	51	104	54	38000	38000	0	-1	-1	-1	-1	-1	-1	-1	-1	-1	-1	-1	-1			
461	"Situation at the Dungeon (1)"	0	0																								
0	18	2	1	2	257	91	100	-1	-1	-1	-1	-1	0	0	1	1	1	1	0	1	1	0	1	0	0	0	0	0
1	2	5	-1	50	-1	-1	6	1	175	119	43000	43000	0	-1	-1	-1	-1	-1	-1	-1	-1	-1	-1	-1	-1			
462	"Situation at the Dungeon (1)"	0	0																								
0	18	2	1	2	257	91	100	-1	-1	-1	-1	-1	0	1	0	0	0	0	1	0	0	1	0	1	1	1	1	1
1	2	17	-1	50	-1	-1	2	1	51	233	43000	43000	0	-1	-1	-1	-1	-1	-1	-1	-1	-1	-1	-1	-1			
463	"Situation at the Dungeon (2)"	0	0																								
0	18	2	1	2	257	101	110	-1	-1	-1	-1	-1	0	0	1	1	1	1	0	1	1	0	1	0	0	0	0	0
1	2	13	-1	50	-1	-1	6	1	116	75	50000	50000	0	-1	-1	-1	-1	-1	-1	-1	-1	-1	-1	-1	-1			
464	"Situation at the Dungeon (2)"	0	0																								
0	18	2	1	2	257	101	110	-1	-1	-1	-1	-1	0	1	0	0	0	0	1	0	0	1	0	1	1	1	1	1
1	2	15	-1	50	-1	-1	6	1	131	118	50000	50000	0	-1	-1	-1	-1	-1	-1	-1	-1	-1	-1	-1	-1			
465	"Situation at the Dungeon (3)"	0	0																								
0	18	2	1	2	257	111	120	-1	-1	-1	-1	-1	0	0	1	1	1	1	0	1	1	0	1	0	0	0	0	0
1	2	9	-1	50	-1	-1	6	1	235	15	54000	54000	0	-1	-1	-1	-1	-1	-1	-1	-1	-1	-1	-1	-1			
466	"Situation at the Dungeon (3)"	0	0																								
0	18	2	1	2	257	111	120	-1	-1	-1	-1	-1	0	1	0	0	0	0	1	0	0	1	0	1	1	1	1	1
1	2	5	-1	50	-1	-1	6	1	175	119	54000	54000	0	-1	-1	-1	-1	-1	-1	-1	-1	-1	-1	-1	-1			
467	"Situation at the Dungeon (4)"	0	0																								
0	18	2	1	2	257	121	130	-1	-1	-1	-1	-1	0	0	1	1	1	1	0	1	1	0	1	0	0	0	0	0
1	2	8	-1	50	-1	-1	6	1	117	31	60000	60000	0	-1	-1	-1	-1	-1	-1	-1	-1	-1	-1	-1	-1			
468	"Situation at the Dungeon (4)"	0	0																								
0	18	2	1	2	257	121	130	-1	-1	-1	-1	-1	0	1	0	0	0	0	1	0	0	1	0	1	1	1	1	1
1	2	13	-1	50	-1	-1	6	1	116	75	60000	60000	0	-1	-1	-1	-1	-1	-1	-1	-1	-1	-1	-1	-1			
469	"Situation at the Dungeon (5)"	0	0																								
0	18	2	1	2	257	131	140	-1	-1	-1	-1	-1	0	0	1	1	1	1	0	1	1	0	1	0	0	0	0	0
1	2	10	-1	50	-1	-1	14	1	30	116	66000	66000	0	-1	-1	-1	-1	-1	-1	-1	-1	-1	-1	-1	-1			
470	"Situation at the Dungeon (5)"	0	0																								
0	18	2	1	2	257	131	140	-1	-1	-1	-1	-1	0	1	0	0	0	0	1	0	0	1	0	1	1	1	1	1
1	2	9	-1	50	-1	-1	6	1	235	15	66000	66000	0	-1	-1	-1	-1	-1	-1	-1	-1	-1	-1	-1	-1			
471	"Situation at the Dungeon (6)"	0	0																								
0	18	2	1	2	257	141	160	-1	-1	-1	-1	-1	0	0	1	1	1	1	0	1	1	0	1	0	0	0	0	0
1	2	8	-1	50	-1	-1	6	1	117	31	72000	72000	0	-1	-1	-1	-1	-1	-1	-1	-1	-1	-1	-1	-1			
472	"Situation at the Dungeon (6)"	0	0																								
0	18	2	1	2	257	141	160	-1	-1	-1	-1	-1	0	1	0	0	0	0	1	0	0	1	0	1	1	1	1	1
1	2	8	-1	50	-1	-1	6	1	117	31	72000	72000	0	-1	-1	-1	-1	-1	-1	-1	-1	-1	-1	-1	-1			
473	"Continuing Requests for Help (1)"	0	0																								
0	18	2	1	2	257	161	165	-1	-1	-1	-1	-1	0	0	1	1	1	1	0	1	1	0	1	0	0	0	0	0
1	2	36	-1	50	-1	-1	29	4	211	96	80000	80000	0	-1	-1	-1	-1	-1	-1	-1	-1	-1	-1	-1	-1			
474	"Continuing Requests for Help (1)"	0	0																								
0	18	2	1	2	257	161	165	-1	-1	-1	-1	-1	0	1	0	0	0	0	1	0	0	1	0	1	1	1	1	1
1	2	20	-1	50	-1	-1	73	2	53	64	80000	80000	0	-1	-1	-1	-1	-1	-1	-1	-1	-1	-1	-1	-1			
475	"Continuing Requests for Help (2)"	0	0																								
0	18	2	1	2	257	166	170	-1	-1	-1	-1	-1	0	0	1	1	1	1	0	1	1	0	1	0	0	0	0	0
1	2	39	-1	50	-1	-1	29	4	201	35	82000	82000	0	-1	-1	-1	-1	-1	-1	-1	-1	-1	-1	-1	-1			
476	"Continuing Requests for Help (2)"	0	0																								
0	18	2	1	2	257	166	170	-1	-1	-1	-1	-1	0	1	0	0	0	0	1	0	0	1	0	1	1	1	1	1
1	2	424	-1	50	-1	-1	269	51	174	90	82000	82000	0	-1	-1	-1	-1	-1	-1	-1	-1	-1	-1	-1	-1			
477	"Continuing Requests for Help (3)"	0	0																								
0	18	2	1	2	257	171	179	-1	-1	-1	-1	-1	0	0	1	1	1	1	0	1	1	0	1	0	0	0	0	0
1	2	34	-1	50	-1	-1	31	4	212	245	84000	84000	0	-1	-1	-1	-1	-1	-1	-1	-1	-1	-1	-1	-1			
478	"Continuing Requests for Help (3)"	0	0																								
0	18	2	1	2	257	171	179	-1	-1	-1	-1	-1	0	1	0	0	0	0	1	0	0	1	0	1	1	1	1	1
1	2	425	-1	50	-1	-1	269	51	215	43	84000	84000	0	-1	-1	-1	-1	-1	-1	-1	-1	-1	-1	-1	-1			
479	"Continuing Requests for Help (4)"	0	0																								
0	18	2	1	2	257	180	189	-1	-1	-1	-1	-1	0	0	1	1	1	1	0	1	1	0	1	0	0	0	0	0
1	2	41	-1	50	-1	-1	33	4	118	230	95000	95000	0	-1	-1	-1	-1	-1	-1	-1	-1	-1	-1	-1	-1			
480	"Continuing Requests for Help (4)"	0	0																								
0	18	2	1	2	257	180	189	-1	-1	-1	-1	-1	0	1	0	0	0	0	1	0	0	1	0	1	1	1	1	1
1	2	36	-1	50	-1	-1	29	4	211	96	95000	95000	0	-1	-1	-1	-1	-1	-1	-1	-1	-1	-1	-1	-1			
481	"Continuing Attacks on Barriers (1)"	0	0																								
0	18	2	1	2	257	190	199	-1	-1	-1	-1	-1	0	0	1	1	1	1	0	1	1	0	1	0	0	0	0	0
1	2	37	-1	50	-1	-1	35	4	107	106	110000	110000	0	-1	-1	-1	-1	-1	-1	-1	-1	-1	-1	-1	-1			
482	"Continuing Attacks on Barriers (1)"	0	0																								
0	18	2	1	2	257	190	199	-1	-1	-1	-1	-1	0	1	0	0	0	0	1	0	0	1	0	1	1	1	1	1
1	2	34	-1	50	-1	-1	31	4	212	245	110000	110000	0	-1	-1	-1	-1	-1	-1	-1	-1	-1	-1	-1	-1			
483	"Continuing Attacks on Barriers (2)"	0	0																								
0	18	2	1	2	257	200	209	-1	-1	-1	-1	-1	0	0	1	1	1	1	0	1	1	0	1	0	0	0	0	0
1	2	40	-1	50	-1	-1	37	4	115	28	120000	120000	0	-1	-1	-1	-1	-1	-1	-1	-1	-1	-1	-1	-1			
484	"Continuing Attacks on Barriers (2)"	0	0																								
0	18	2	1	2	257	200	209	-1	-1	-1	-1	-1	0	1	0	0	0	0	1	0	0	1	0	1	1	1	1	1
1	2	41	-1	50	-1	-1	33	4	118	230	120000	120000	0	-1	-1	-1	-1	-1	-1	-1	-1	-1	-1	-1	-1			
485	"Continuing Attacks on Barriers (3)"	0	0																								
0	18	2	1	2	257	210	219	-1	-1	-1	-1	-1	0	0	1	1	1	1	0	1	1	0	1	0	0	0	0	0
1	2	35	-1	60	-1	-1	39	4	30	33	130000	130000	0	-1	-1	-1	-1	-1	-1	-1	-1	-1	-1	-1	-1			
486	"Continuing Attacks on Barriers (3)"	0	0																								
0	18	2	1	2	257	210	219	-1	-1	-1	-1	-1	0	1	0	0	0	0	1	0	0	1	0	1	1	1	1	1
1	2	37	-1	60	-1	-1	35	4	107	106	130000	130000	0	-1	-1	-1	-1	-1	-1	-1	-1	-1	-1	-1	-1			
487	"Clearing a Path to Icarus - Unrepeatable"	0	0																								
0	18	2	1	2	257	220	229	0	-1	-1	-1	-1	0	0	1	1	1	1	0	1	1	0	1	0	0	0	0	0
1	2	40	-1	60	-1	-1	37	4	115	28	0	0	0	12	15	1	-1	-1	-1	-1	-1	-1	-1	-1	-1			
488	"Clearing a Path to Icarus - Unrepeatable"	0	0																								
0	18	2	1	2	257	220	229	0	-1	-1	-1	-1	0	1	0	0	0	0	1	0	0	1	0	1	1	1	1	1
1	2	40	-1	60	-1	-1	37	4	115	28	0	0	0	12	15	1	-1	-1	-1	-1	-1	-1	-1	-1	-1			
489	"Clearing a Path to Icarus"	0	0																								
0	18	2	1	2	257	220	229	-1	-1	-1	-1	-1	0	0	1	1	1	1	0	1	1	0	1	0	0	0	0	0
1	2	40	-1	60	-1	-1	37	4	115	28	140000	140000	0	-1	-1	-1	-1	-1	-1	-1	-1	-1	-1	-1	-1			
490	"Clearing a Path to Icarus"	0	0																								
0	18	2	1	2	257	220	229	-1	-1	-1	-1	-1	0	1	0	0	0	0	1	0	0	1	0	1	1	1	1	1
1	2	40	-1	60	-1	-1	37	4	115	28	140000	140000	0	-1	-1	-1	-1	-1	-1	-1	-1	-1	-1	-1	-1			
491	"Advancement of the Reconnaissance Party (1) - Unrepeatable"	0	0																								
0	18	2	1	2	257	230	234	0	-1	-1	-1	-1	0	1	1	1	1	1	1	1	1	1	1	1	1	1	1	1
1	2	62	-1	60	-1	-1	57	8	179	111	0	0	0	12	15	1	-1	-1	-1	-1	-1	-1	-1	-1	-1			
492	"Advancement of the Reconnaissance Party (1)"	0	0																								
0	18	2	1	2	257	230	234	-1	-1	-1	-1	-1	0	1	1	1	1	1	1	1	1	1	1	1	1	1	1	1
1	2	62	-1	60	-1	-1	57	8	179	111	150000	150000	0	-1	-1	-1	-1	-1	-1	-1	-1	-1	-1	-1	-1			
493	"Advancement of the Reconnaissance Party (2) - Unrepeatable"	0	0																								
0	18	2	1	2	257	235	239	0	-1	-1	-1	-1	0	1	1	1	1	1	1	1	1	1	1	1	1	1	1	1
1	2	60	-1	60	-1	-1	57	8	133	93	0	0	0	14	14	1	-1	-1	-1	-1	-1	-1	-1	-1	-1			
494	"Advancement of the Reconnaissance Party (2)"	0	0																								
0	18	2	1	2	257	235	239	-1	-1	-1	-1	-1	0	1	1	1	1	1	1	1	1	1	1	1	1	1	1	1
1	2	60	-1	60	-1	-1	57	8	133	93	160000	160000	0	-1	-1	-1	-1	-1	-1	-1	-1	-1	-1	-1	-1			
495	"Advancement of the Reconnaissance Party (3) - Unrepeatable"	0	0																								
0	18	2	1	2	257	240	244	0	-1	-1	-1	-1	0	1	1	1	1	1	1	1	1	1	1	1	1	1	1	1
1	2	57	-1	60	-1	-1	57	8	60	83	0	0	0	14	14	1	-1	-1	-1	-1	-1	-1	-1	-1	-1			
496	"Advancement of the Reconnaissance Party (3)"	0	0																								
0	18	2	1	2	257	240	244	-1	-1	-1	-1	-1	0	1	1	1	1	1	1	1	1	1	1	1	1	1	1	1
1	2	57	-1	60	-1	-1	57	8	60	83	170000	170000	0	-1	-1	-1	-1	-1	-1	-1	-1	-1	-1	-1	-1			
497	"Road to the Floating Castle (1) - Unrepeatable"	0	0																								
0	18	2	1	2	257	245	249	0	-1	-1	-1	-1	0	1	1	1	1	1	1	1	1	1	1	1	1	1	1	1
1	2	69	-1	80	-1	-1	63	10	17	19	0	0	0	14	13	1	-1	-1	-1	-1	-1	-1	-1	-1	-1			
498	"Road to the Floating Castle (1)"	0	0																								
0	18	2	1	2	257	245	249	-1	-1	-1	-1	-1	0	1	1	1	1	1	1	1	1	1	1	1	1	1	1	1
1	2	69	-1	80	-1	-1	63	10	17	19	180000	180000	0	-1	-1	-1	-1	-1	-1	-1	-1	-1	-1	-1	-1			
499	"Road to the Floating Castle (2) - Unrepeatable"	0	0																								
0	18	2	1	2	257	250	254	0	-1	-1	-1	-1	0	1	1	1	1	1	1	1	1	1	1	1	1	1	1	1
1	2	71	-1	80	-1	-1	63	10	66	75	0	0	0	14	13	1	-1	-1	-1	-1	-1	-1	-1	-1	-1			
500	"Road to the Floating Castle (2)"	0	0																								
0	18	2	1	2	257	250	254	-1	-1	-1	-1	-1	0	1	1	1	1	1	1	1	1	1	1	1	1	1	1	1
1	2	71	-1	80	-1	-1	63	10	66	75	190000	190000	0	-1	-1	-1	-1	-1	-1	-1	-1	-1	-1	-1	-1			
501	"Road to the Floating Castle (3) - Unrepeatable"	0	0																								
0	18	2	1	2	257	255	259	0	-1	-1	-1	-1	0	1	1	1	1	1	1	1	1	1	1	1	1	1	1	1
1	2	70	-1	80	-1	-1	63	10	66	75	0	0	0	14	13	1	-1	-1	-1	-1	-1	-1	-1	-1	-1			
502	"Road to the Floating Castle (3)"	0	0																								
0	18	2	1	2	257	255	259	-1	-1	-1	-1	-1	0	1	1	1	1	1	1	1	1	1	1	1	1	1	1	1
1	2	70	-1	80	-1	-1	63	10	66	75	200000	200000	0	-1	-1	-1	-1	-1	-1	-1	-1	-1	-1	-1	-1			
503	"Watchers of Kundun (1)"	0	0																								
0	18	2	1	2	257	260	289	0	-1	-1	-1	-1	0	1	1	1	1	1	1	1	1	1	1	1	1	1	1	1
1	8	-1	-1	100	-1	-1	57	8	179	111	80000	0	0	-1	-1	-1	-1	-1	-1	-1	-1	-1	-1	-1	-1			
504	"Request from Shadow Phantom Unit (1)"	0	0																								
0	18	2	1	2	257	260	289	0	-1	-1	-1	-1	0	1	1	1	1	1	1	1	1	1	1	1	1	1	1	1
1	1	5	6	1	-1	-1	57	8	179	111	50000	0	0	-1	-1	-1	-1	-1	-1	-1	-1	-1	-1	-1	-1			
505	"Request from Shadow Phantom Unit (Reward)"	0	0																								
0	18	2	1	2	257	260	289	-1	503	-1	-1	-1	0	1	1	1	1	1	1	1	1	1	1	1	1	1	1	1
1	1	13	2	1	-1	-1	57	8	179	111	100000	0	0	-1	-1	215	-1	-1	-1	-1	-1	-1	-1	-1	-1			
506	"Watchers of Kundun (1)"	0	0																								
0	18	2	1	2	257	290	319	0	-1	-1	-1	-1	0	1	1	1	1	1	1	1	1	1	1	1	1	1	1	1
1	8	-1	-1	100	-1	-1	63	10	13	20	100000	0	0	-1	-1	-1	-1	-1	-1	-1	-1	-1	-1	-1	-1			
507	"Request from Shadow Phantom Unit (2)"	0	0																								
0	18	2	1	2	257	290	319	0	-1	-1	-1	-1	0	1	1	1	1	1	1	1	1	1	1	1	1	1	1	1
1	1	0	16	1	-1	-1	63	10	13	20	80000	0	0	-1	-1	-1	-1	-1	-1	-1	-1	-1	-1	-1	-1			
508	"Request from Shadow Phantom Unit (Reward)"	0	0																								
0	18	2	1	2	257	290	319	-1	506	-1	-1	-1	0	1	1	1	1	1	1	1	1	1	1	1	1	1	1	1
1	1	2	5	1	-1	-1	63	10	13	20	120000	0	0	-1	-1	215	-1	-1	-1	-1	-1	-1	-1	-1	-1			
509	"Watchers of Kundun (1)"	0	0																								
0	18	2	1	2	257	320	349	0	-1	-1	-1	-1	0	1	1	1	1	1	1	1	1	1	1	1	1	1	1	1
1	8	-1	-1	100	-1	-1	141	37	206	38	100000	0	0	-1	-1	-1	-1	-1	-1	-1	-1	-1	-1	-1	-1			
510	"Request from Shadow Phantom Unit (Reward)"	0	0																								
0	18	2	1	2	257	320	349	-1	509	-1	-1	-1	0	1	1	1	1	1	1	1	1	1	1	1	1	1	1	1
1	1	5	17	1	-1	-1	141	37	206	38	130000	0	0	-1	-1	215	-1	-1	-1	-1	-1	-1	-1	-1	-1			
511	"The presence of the mercenary guild (Lv. 350+)"	0	0																								
0	18	2	1	1	350	350	1650	0	-1	-1	-1	-1	0	1	1	1	1	1	1	1	1	1	1	1	1	1	1	1
1	5	-1	-1	-1	-1	-1	22	2	204	59	0	0	0	-1	-1	-1	-1	-1	-1	-1	-1	-1	-1	-1	-1			
512	"Mercenary Guild Office?"	0	0																								
0	18	2	1	2	566	350	1650	0	-1	-1	-1	-1	1000000	1	1	1	1	1	1	1	1	1	1	1	1	1	1	1
1	6	-1	-1	-1	-1	-1	22	2	204	59	0	0	0	-1	-1	-1	-1	-1	-1	-1	-1	-1	-1	-1	-1			
513	"Request from the Priestess (Monday)"	0	2																								
0	18	2	1	1	567	350	400	0	-1	-1	-1	-1	0	1	1	1	1	1	1	1	1	1	1	1	1	1	1	1
1	5	-1	-1	-1	-1	-1	93	29	9	19	0	0	0	-1	-1	-1	-1	-1	-1	-1	-1	-1	-1	-1	-1			
514	"Commission from the Priestess (Monday)"	0	2																								
0	18	2	1	2	567	350	400	0	-1	-1	-1	-1	0	1	1	1	1	1	1	1	1	1	1	1	1	1	1	1
1	6	-1	-1	-1	-1	-1	93	29	9	19	5000	0	0	-1	-1	-1	-1	-1	-1	-1	-1	-1	-1	-1	-1			
515	"Peace of the Hero (Monday)"	0	2																								
0	18	2	1	2	567	350	400	12	513	-1	-1	-1	500000	1	1	1	1	1	1	1	1	1	1	1	1	1	1	1
1	8	-1	-1	100	-1	-1	93	29	36	23	1000000	0	0	14	158	1	-1	-1	-1	-1	-1	-1	-1	-1	-1			
516	"Call from Wandering Merchant Zyro -1 (Tuesday)"	0	3																								
0	18	2	1	1	350	350	400	0	-1	-1	-1	-1	0	1	1	1	1	1	1	1	1	1	1	1	1	1	1	1
1	5	-1	-1	-1	-1	-1	17	0	131	138	0	0	0	-1	-1	-1	-1	-1	-1	-1	-1	-1	-1	-1	-1			
517	"Call from Wandering Merchant Zyro -2 (Tuesday)"	0	3																								
0	18	2	1	1	350	350	400	0	-1	-1	-1	-1	0	1	1	1	1	1	1	1	1	1	1	1	1	1	1	1
1	5	-1	-1	-1	-1	-1	27	3	186	109	0	0	0	-1	-1	-1	-1	-1	-1	-1	-1	-1	-1	-1	-1			
518	"Call from Wandering Merchant Zyro -3 (Tuesday)"	0	3																								
0	18	2	1	1	350	350	400	0	-1	-1	-1	-1	0	1	1	1	1	1	1	1	1	1	1	1	1	1	1	1
1	5	-1	-1	-1	-1	-1	267	51	55	199	0	0	0	-1	-1	-1	-1	-1	-1	-1	-1	-1	-1	-1	-1			
519	"Call from Wandering Merchant Zyro -4 (Tuesday)"	0	3																								
0	18	2	1	1	350	350	400	0	-1	-1	-1	-1	0	1	1	1	1	1	1	1	1	1	1	1	1	1	1	1
1	5	-1	-1	-1	-1	-1	22	2	226	52	0	0	0	-1	-1	-1	-1	-1	-1	-1	-1	-1	-1	-1	-1			
520	"Find Zyro the General Goods Merchant (Tuesday)"	0	3																								
0	18	2	1	2	568	350	400	0	-1	-1	-1	-1	0	1	1	1	1	1	1	1	1	1	1	1	1	1	1	1
1	6	-1	-1	-1	-1	-1	267	51	55	199	5000	0	0	-1	-1	-1	-1	-1	-1	-1	-1	-1	-1	-1	-1			
521	"Obtain Rare Jewels (Turesday)"	0	3																								
0	18	2	1	2	568	350	400	12	513	-1	-1	-1	500000	1	1	1	1	1	1	1	1	1	1	1	1	1	1	1
1	1	14	154	10	304	200	140	33	119	51	0	1000000	0	14	157	1	-1	-1	-1	-1	-1	-1	-1	-1	-1			
522	"Request from Gens Duprian (Wednesday)"	0	4																								
0	18	2	1	1	350	350	400	0	-1	-1	-1	1	0	1	1	1	1	1	1	1	1	1	1	1	1	1	1	1
1	5	-1	-1	-1	-1	-1	17	0	145	128	0	0	0	-1	-1	-1	-1	-1	-1	-1	-1	-1	-1	-1	-1			
523	"Call from the Gens (Wednesday)"	0	4																								
0	18	2	1	2	543	350	400	0	-1	-1	-1	1	0	1	1	1	1	1	1	1	1	1	1	1	1	1	1	1
1	6	-1	-1	-1	-1	-1	17	0	145	128	5000	0	0	-1	-1	-1	-1	-1	-1	-1	-1	-1	-1	-1	-1			
524	"Expanding Bussiness (Wednesday)"	0	4																								
0	18	2	1	2	543	350	400	12	513	-1	-1	1	500000	1	1	1	1	1	1	1	1	1	1	1	1	1	1	1
1	8	-1	-1	100	-1	-1	294	63	174	193	0	0	500	14	159	1	-1	-1	-1	-1	-1	-1	-1	-1	-1			
525	"Request from Gens Vanert (Wednesday)"	0	4																								
0	18	2	1	1	350	350	400	0	-1	-1	-1	2	0	1	1	1	1	1	1	1	1	1	1	1	1	1	1	1
1	5	-1	-1	-1	-1	-1	27	3	168	100	0	0	0	-1	-1	-1	-1	-1	-1	-1	-1	-1	-1	-1	-1			
526	"Call from the Gens (Wednesday)"	0	4																								
0	18	2	1	2	544	350	400	0	-1	-1	-1	2	0	1	1	1	1	1	1	1	1	1	1	1	1	1	1	1
1	6	-1	-1	-1	-1	-1	27	3	168	100	5000	0	0	-1	-1	-1	-1	-1	-1	-1	-1	-1	-1	-1	-1			
527	"Expanding Bussiness (Wednesday)"	0	4																								
0	18	2	1	2	544	350	400	12	513	-1	-1	2	500000	1	1	1	1	1	1	1	1	1	1	1	1	1	1	1
1	8	-1	-1	100	-1	-1	294	63	174	193	0	0	500	14	159	1	-1	-1	-1	-1	-1	-1	-1	-1	-1			
528	"Request from the Priestess (Thursday)"	0	5																								
0	18	2	1	1	567	350	400	0	-1	-1	-1	-1	0	1	1	1	1	1	1	1	1	1	1	1	1	1	1	1
1	5	-1	-1	-1	-1	-1	93	29	9	19	0	0	0	-1	-1	-1	-1	-1	-1	-1	-1	-1	-1	-1	-1			
529	"Commission from the Priestess (Thursday)"	0	5																								
0	18	2	1	2	567	350	400	0	-1	-1	-1	-1	0	1	1	1	1	1	1	1	1	1	1	1	1	1	1	1
1	6	-1	-1	-1	-1	-1	93	29	9	19	5000	0	0	-1	-1	-1	-1	-1	-1	-1	-1	-1	-1	-1	-1			
530	"The Hero's Madness (Thursday)"	0	5																								
0	18	2	1	2	567	350	400	12	513	-1	-1	-1	500000	1	1	1	1	1	1	1	1	1	1	1	1	1	1	1
1	8	-1	-1	100	-1	-1	93	29	36	23	1000000	0	0	14	158	1	-1	-1	-1	-1	-1	-1	-1	-1	-1			
531	"Call from Wandering Merchant Zyro -1 (Friday)"	0	6																								
0	18	2	1	1	350	350	400	0	-1	-1	-1	-1	0	1	1	1	1	1	1	1	1	1	1	1	1	1	1	1
1	5	-1	-1	-1	-1	-1	17	0	131	138	0	0	0	-1	-1	-1	-1	-1	-1	-1	-1	-1	-1	-1	-1			
532	"Call from Wandering Merchant Zyro -2 (Friday)"	0	6																								
0	18	2	1	1	350	350	400	0	-1	-1	-1	-1	0	1	1	1	1	1	1	1	1	1	1	1	1	1	1	1
1	5	-1	-1	-1	-1	-1	27	3	186	109	0	0	0	-1	-1	-1	-1	-1	-1	-1	-1	-1	-1	-1	-1			
533	"Call from Wandering Merchant Zyro -3 (Friday)"	0	6																								
0	18	2	1	1	350	350	400	0	-1	-1	-1	-1	0	1	1	1	1	1	1	1	1	1	1	1	1	1	1	1
1	5	-1	-1	-1	-1	-1	267	51	55	199	0	0	0	-1	-1	-1	-1	-1	-1	-1	-1	-1	-1	-1	-1			
534	"Call from Wandering Merchant Zyro -4 (Friday)"	0	6																								
0	18	2	1	1	350	350	400	0	-1	-1	-1	-1	0	1	1	1	1	1	1	1	1	1	1	1	1	1	1	1
1	5	-1	-1	-1	-1	-1	22	2	226	52	0	0	0	-1	-1	-1	-1	-1	-1	-1	-1	-1	-1	-1	-1			
535	"Request From Merchant Zyro (Friday)"	0	6																								
0	18	2	1	2	568	350	400	0	-1	-1	-1	-1	0	1	1	1	1	1	1	1	1	1	1	1	1	1	1	1
1	6	-1	-1	-1	-1	-1	267	51	55	199	5000	0	0	-1	-1	-1	-1	-1	-1	-1	-1	-1	-1	-1	-1			
536	"Secure War Supplies (Friday)"	0	6																								
0	18	2	1	2	568	350	400	12	513	-1	-1	-1	500000	1	1	1	1	1	1	1	1	1	1	1	1	1	1	1
1	1	14	156	10	484	200	294	63	146	201	0	1000000	0	14	157	1	-1	-1	-1	-1	-1	-1	-1	-1	-1			
537	"Request from Gens Duprian (Saturday)"	0	7																								
0	18	2	1	1	350	350	400	0	-1	-1	-1	1	0	1	1	1	1	1	1	1	1	1	1	1	1	1	1	1
1	5	-1	-1	-1	-1	-1	17	0	145	128	0	0	0	-1	-1	-1	-1	-1	-1	-1	-1	-1	-1	-1	-1			
538	"Call of the Gens (Saturday)"	0	7																								
0	18	2	1	2	543	350	400	0	-1	-1	-1	1	0	1	1	1	1	1	1	1	1	1	1	1	1	1	1	1
1	6	-1	-1	-1	-1	-1	17	0	145	128	5000	0	0	-1	-1	-1	-1	-1	-1	-1	-1	-1	-1	-1	-1			
539	"Developing Bussiness (Saturday)"	0	7																								
0	18	2	1	2	543	350	400	12	513	-1	-1	1	500000	1	1	1	1	1	1	1	1	1	1	1	1	1	1	1
1	8	-1	-1	100	-1	-1	294	63	174	193	0	0	500	14	159	1	-1	-1	-1	-1	-1	-1	-1	-1	-1			
540	"Request from Gens Vanert (Saturday)"	0	7																								
0	18	2	1	1	350	350	400	0	-1	-1	-1	2	0	1	1	1	1	1	1	1	1	1	1	1	1	1	1	1
1	5	-1	-1	-1	-1	-1	27	3	168	100	0	0	0	-1	-1	-1	-1	-1	-1	-1	-1	-1	-1	-1	-1			
541	"Call of the Gens (Saturday)"	0	7																								
0	18	2	1	2	544	350	400	0	-1	-1	-1	2	0	1	1	1	1	1	1	1	1	1	1	1	1	1	1	1
1	6	-1	-1	-1	-1	-1	27	3	168	100	5000	0	0	-1	-1	-1	-1	-1	-1	-1	-1	-1	-1	-1	-1			
542	"Developing Bussiness (Saturday)"	0	7																								
0	18	2	1	2	544	350	400	12	513	-1	-1	2	500000	1	1	1	1	1	1	1	1	1	1	1	1	1	1	1
1	8	-1	-1	100	-1	-1	294	63	174	193	0	0	500	14	159	1	-1	-1	-1	-1	-1	-1	-1	-1	-1			
543	"Request from the Mercenary Guild (Sunday)"	0	1																								
0	18	2	1	1	350	350	400	0	-1	-1	-1	-1	0	1	1	1	1	1	1	1	1	1	1	1	1	1	1	1
1	5	-1	-1	-1	-1	-1	22	2	204	59	0	0	0	-1	-1	-1	-1	-1	-1	-1	-1	-1	-1	-1	-1			
544	"Commission from the Mercenary Guild (Sunday)"	0	1																								
0	18	2	1	2	566	350	400	0	-1	-1	-1	-1	0	1	1	1	1	1	1	1	1	1	1	1	1	1	1	1
1	6	-1	-1	-1	-1	-1	22	2	204	59	5000	0	0	-1	-1	-1	-1	-1	-1	-1	-1	-1	-1	-1	-1			
545	"Hidden history of the rebellion (Sunday)"	0	1																								
0	18	2	1	2	567	350	400	12	513	-1	-1	-1	500000	1	1	1	1	1	1	1	1	1	1	1	1	1	1	1
1	8	-1	-1	100	-1	-1	119	33	140	21	1000000	0	0	14	157	1	-1	-1	-1	-1	-1	-1	-1	-1	-1			
546	"Meet Deruvish (Monday)"	0	2																								
0	18	2	1	1	401	401	1650	0	-1	-1	-1	-1	0	1	1	1	1	1	1	1	1	1	1	1	1	1	1	1
1	5	-1	-1	-1	-1	-1	417	91	30	208	0	0	0	-1	-1	-1	-1	-1	-1	-1	-1	-1	-1	-1	-1			
547	"Commission from the Mercenary Guild (Monday)"	0	2																								
0	18	2	1	2	581	401	1650	0	-1	-1	-1	-1	0	1	1	1	1	1	1	1	1	1	1	1	1	1	1	1
1	6	-1	-1	-1	-1	-1	417	91	30	208	5000	0	0	-1	-1	-1	-1	-1	-1	-1	-1	-1	-1	-1	-1			
548	"Eliminate Salamander (Monday)"	0	2																								
0	18	2	1	2	581	401	1650	12	546	-1	-1	-1	500000	1	1	1	1	1	1	1	1	1	1	1	1	1	1	1
1	2	593	-1	30	-1	-1	419	91	53	190	500000	0	0	14	159	1	-1	-1	-1	-1	-1	-1	-1	-1	-1			
549	"Meet Deruvish (Tuesday)"	0	3																								
0	18	2	1	1	401	401	1650	0	-1	-1	-1	-1	0	1	1	1	1	1	1	1	1	1	1	1	1	1	1	1
1	5	-1	-1	-1	-1	-1	417	91	30	208	0	0	0	-1	-1	-1	-1	-1	-1	-1	-1	-1	-1	-1	-1			
550	"Commission from the Mercenary Guild (Tuesday)"	0	3																								
0	18	2	1	2	581	401	1650	0	-1	-1	-1	-1	0	1	1	1	1	1	1	1	1	1	1	1	1	1	1	1
1	6	-1	-1	-1	-1	-1	417	91	30	208	5000	0	0	-1	-1	-1	-1	-1	-1	-1	-1	-1	-1	-1	-1			
551	"Eliminate Undine (Tuesday)"	0	3																								
0	18	2	1	2	581	401	1650	12	546	-1	-1	-1	500000	1	1	1	1	1	1	1	1	1	1	1	1	1	1	1
1	2	592	-1	30	-1	-1	419	91	53	190	500000	0	0	14	159	1	-1	-1	-1	-1	-1	-1	-1	-1	-1			
552	"Meet Deruvish (Wednesday)"	0	4																								
0	18	2	1	1	401	401	1650	0	-1	-1	-1	-1	0	1	1	1	1	1	1	1	1	1	1	1	1	1	1	1
1	5	-1	-1	-1	-1	-1	417	91	30	208	0	0	0	-1	-1	-1	-1	-1	-1	-1	-1	-1	-1	-1	-1			
553	"Commission from the Mercenary Guild (Wednesday)"	0	4																								
0	18	2	1	2	581	401	1650	0	-1	-1	-1	-1	0	1	1	1	1	1	1	1	1	1	1	1	1	1	1	1
1	6	-1	-1	-1	-1	-1	417	91	30	208	5000	0	0	-1	-1	-1	-1	-1	-1	-1	-1	-1	-1	-1	-1			
554	"Eliminate Sylphid (Wednesday)"	0	4																								
0	18	2	1	2	581	401	1650	12	546	-1	-1	-1	500000	1	1	1	1	1	1	1	1	1	1	1	1	1	1	1
1	2	594	-1	30	-1	-1	419	91	53	190	500000	0	0	14	159	1	-1	-1	-1	-1	-1	-1	-1	-1	-1			
555	"Meet Deruvish (Thursday)"	0	5																								
0	18	2	1	1	401	401	1650	0	-1	-1	-1	-1	0	1	1	1	1	1	1	1	1	1	1	1	1	1	1	1
1	5	-1	-1	-1	-1	-1	417	91	30	208	0	0	0	-1	-1	-1	-1	-1	-1	-1	-1	-1	-1	-1	-1			
556	"Commission from the Mercenary Guild (Thursday)"	0	5																								
0	18	2	1	2	581	401	1650	0	-1	-1	-1	-1	0	1	1	1	1	1	1	1	1	1	1	1	1	1	1	1
1	6	-1	-1	-1	-1	-1	417	91	30	208	5000	0	0	-1	-1	-1	-1	-1	-1	-1	-1	-1	-1	-1	-1			
557	"Eliminate Gnome (Thursday)"	0	5																								
0	18	2	1	2	581	401	1650	12	546	-1	-1	-1	500000	1	1	1	1	1	1	1	1	1	1	1	1	1	1	1
1	2	595	-1	30	-1	-1	419	91	53	190	500000	0	0	14	159	1	-1	-1	-1	-1	-1	-1	-1	-1	-1			
558	"Meet Deruvish (Friday)"	0	6																								
0	18	2	1	1	401	401	1650	0	-1	-1	-1	-1	0	1	1	1	1	1	1	1	1	1	1	1	1	1	1	1
1	5	-1	-1	-1	-1	-1	417	91	30	208	0	0	0	-1	-1	-1	-1	-1	-1	-1	-1	-1	-1	-1	-1			
559	"Commission from the Mercenary Guild (Friday)"	0	6																								
0	18	2	1	2	581	401	1650	0	-1	-1	-1	-1	0	1	1	1	1	1	1	1	1	1	1	1	1	1	1	1
1	6	-1	-1	-1	-1	-1	417	91	30	208	5000	0	0	-1	-1	-1	-1	-1	-1	-1	-1	-1	-1	-1	-1			
560	"Eliminate Hellraiser (Friday)"	0	6																								
0	18	2	1	2	581	401	1650	12	546	-1	-1	-1	500000	1	1	1	1	1	1	1	1	1	1	1	1	1	1	1
1	2	596	-1	30	-1	-1	419	91	53	190	500000	0	0	14	159	1	-1	-1	-1	-1	-1	-1	-1	-1	-1			
561	"Meet Deruvish (Saturday)"	0	7																								
0	18	2	1	1	401	401	1650	0	-1	-1	-1	-1	0	1	1	1	1	1	1	1	1	1	1	1	1	1	1	1
1	5	-1	-1	-1	-1	-1	417	91	30	208	0	0	0	-1	-1	-1	-1	-1	-1	-1	-1	-1	-1	-1	-1			
562	"Commission from the Mercenary Guild (Saturday)"	0	7																								
0	18	2	1	2	581	401	1650	0	-1	-1	-1	-1	0	1	1	1	1	1	1	1	1	1	1	1	1	1	1	1
1	6	-1	-1	-1	-1	-1	417	91	30	208	5000	0	0	-1	-1	-1	-1	-1	-1	-1	-1	-1	-1	-1	-1			
563	"Acheron Suppression (Saturday)"	0	7																								
0	18	2	1	2	581	401	1650	12	546	-1	-1	-1	500000	1	1	1	1	1	1	1	1	1	1	1	1	1	1	1
1	8	-1	-1	300	-1	-1	419	91	53	190	500000	0	0	14	159	1	-1	-1	-1	-1	-1	-1	-1	-1	-1			
564	"Meet Deruvish (Sunday)"	0	1																								
0	18	2	1	1	401	401	1650	0	-1	-1	-1	-1	0	1	1	1	1	1	1	1	1	1	1	1	1	1	1	1
1	5	-1	-1	-1	-1	-1	417	91	30	208	0	0	0	-1	-1	-1	-1	-1	-1	-1	-1	-1	-1	-1	-1			
565	"Commission from the Mercenary Guild (Sunday)"	0	1																								
0	18	2	1	2	581	401	1650	0	-1	-1	-1	-1	0	1	1	1	1	1	1	1	1	1	1	1	1	1	1	1
1	6	-1	-1	-1	-1	-1	417	91	30	208	5000	0	0	-1	-1	-1	-1	-1	-1	-1	-1	-1	-1	-1	-1			
566	"Acheron Suppression (Sunday)"	0	1																								
0	18	2	1	2	581	401	1650	12	546	-1	-1	-1	500000	1	1	1	1	1	1	1	1	1	1	1	1	1	1	1
1	8	-1	-1	300	-1	-1	419	91	53	190	500000	0	0	14	159	1	-1	-1	-1	-1	-1	-1	-1	-1	-1			
end																											
