																												
0	
0	360000																											
1	340000																											
2	300000																											
3	0																											
4	0																											
5	0		
end																												
1	
0	1	13	182	23	14	2	1386	
1	1	13	183	23	14	2	1386	
2	1	13	184	23	14	2	1386	
3	1	13	185	23	14	2	1386	
4	1	13	186	23	14	2	1386	
5	1	13	187	23	14	2	1386	
6	1	13	188	23	14	2	1386	
7	1	13	189	23	14	2	1386	
8	1	13	190	23	14	2	1386	
9	1	13	191	23	14	2	1386	
end																												
2	
107	
1	11	170	1390	100000	
1	12	100	1391	50000	
1	13	125	1392	240000	
1	14	125	1393	200000	
1	15	240	1394	50000	
1	16	210	1395	30000	
1	17	200	1396	120000	
1	18	200	1397	100000	
1	19	120	1398	40000	
1	20	80	1399	30000	
1	21	40	1400	20000	
1	22	50	1401	20000	
																												
end																												
